test_data/ctet_grid_botm.asc
ncols        140
nrows        114
xllcorner    564915.000000000000
yllcorner    133341.000000000000
cellsize     50.000000000000
NODATA_value -0
[rows 54 to 71 of 114, columns 41 to 81 of 140]
58.501049041748046875 59.24158477783203125 59.632289886474609375 59.92096710205078125 60.01983642578125 60.06334686279296875 59.990291595458984375 59.883235931396484375 59.988922119140625 60.15665435791015625 60.4681854248046875 60.8216552734375 61.2703704833984375 61.746860504150390625 62.251750946044921875 62.764923095703125 63.259990692138671875 63.749774932861328125 64.24358367919921875 64.738555908203125 65.1136016845703125 65.45366668701171875 65.70256805419921875 65.92487335205078125 66.0253448486328125 66.0902862548828125 66.1990966796875 66.3206939697265625 66.52005767822265625 66.742095947265625 67.0042724609375 67.2781524658203125 67.53678131103515625 67.79096221923828125 68.0800933837890625 68.3794097900390625 68.7854461669921875 69.2226104736328125 69.6841278076171875 70.1527557373046875 70.58687591552734375
57.915584564208984375 58.562297821044921875 58.954875946044921875 59.273334503173828125 59.443576812744140625 59.57059478759765625 59.6195831298828125 59.645816802978515625 59.8013916015625 59.99468994140625 60.288593292236328125 60.611843109130859375 61.01624298095703125 61.444309234619140625 61.903045654296875 62.370723724365234375 62.826995849609375 63.279941558837890625 63.7104339599609375 64.1343841552734375 64.44405364990234375 64.72039031982421875 64.91553497314453125 65.087005615234375 65.18163299560546875 65.25385284423828125 65.355072021484375 65.46474456787109375 65.69528961181640625 65.961090087890625 66.24289703369140625 66.5293731689453125 66.812408447265625 67.09444427490234375 67.3746490478515625 67.6543121337890625 68.03662109375 68.4488677978515625 68.89029693603515625 69.34023284912109375 69.7591094970703125
57.1650390625 57.776355743408203125 58.193695068359375 58.55446624755859375 58.786983489990234375 58.982097625732421875 59.10162353515625 59.19910430908203125 59.39586639404296875 59.62158966064453125 59.921783447265625 60.243694305419921875 60.634510040283203125 61.04541778564453125 61.47568511962890625 61.911594390869140625 62.333950042724609375 62.752353668212890625 63.146900177001953125 63.534488677978515625 63.80742645263671875 64.0469207763671875 64.2107696533203125 64.35254669189453125 64.4311676025390625 64.491363525390625 64.47022247314453125 64.42535400390625 64.55023956298828125 64.724639892578125 64.97519683837890625 65.2479705810546875 65.61780548095703125 66.0159454345703125 66.37973785400390625 66.7335205078125 67.14237213134765625 67.56728363037109375 68.0175018310546875 68.47509002685546875 68.90448760986328125
56.382293701171875 56.96961212158203125 57.4161834716796875 57.8217010498046875 58.114719390869140625 58.3749237060546875 58.554943084716796875 58.711574554443359375 58.9478302001953125 59.207309722900390625 59.51845550537109375 59.84466552734375 60.2278900146484375 60.62773895263671875 61.032985687255859375 61.4398040771484375 61.829193115234375 62.2135009765625 62.5774383544921875 62.935428619384765625 63.177219390869140625 63.3851165771484375 63.52204132080078125 63.6382598876953125 63.69889068603515625 63.743305206298828125 63.57741546630859375 63.350193023681640625 63.342731475830078125 63.39936065673828125 63.608753204345703125 63.862701416015625 64.33148956298828125 64.86293792724609375 65.3283843994140625 65.77457427978515625 66.21976470947265625 66.6646728515625 67.129302978515625 67.5996856689453125 68.04462432861328125
55.597179412841796875 56.16806793212890625 56.621662139892578125 57.041049957275390625 57.374935150146484375 57.683879852294921875 57.92047119140625 58.13596343994140625 58.4078216552734375 58.696117401123046875 59.02841949462890625 59.373561859130859375 59.76143646240234375 60.161777496337890625 60.55910491943359375 60.9555511474609375 61.32269287109375 61.6812896728515625 62.01523590087890625 62.34198760986328125 62.5626220703125 62.752307891845703125 62.862964630126953125 62.95056915283203125 62.9853057861328125 63.0046234130859375 62.83892822265625 62.619274139404296875 62.547016143798828125 62.517749786376953125 62.666645050048828125 62.8675079345703125 63.304607391357421875 63.810611724853515625 64.3100738525390625 64.8076171875 65.291748046875 65.7719573974609375 66.2503509521484375 66.72821807861328125 67.18529510498046875
54.811603546142578125 55.367534637451171875 55.82382965087890625 56.251064300537109375 56.621982574462890625 56.976474761962890625 57.268878936767578125 57.54317474365234375 57.849872589111328125 58.166019439697265625 58.52147674560546875 58.888401031494140625 59.28331756591796875 59.6864013671875 60.07913970947265625 60.468868255615234375 60.815853118896484375 61.150371551513671875 61.454448699951171875 61.74964141845703125 61.95107269287109375 62.125152587890625 62.209667205810546875 62.268062591552734375 62.275363922119140625 62.26776885986328125 62.130535125732421875 61.9554901123046875 61.831615447998046875 61.72266387939453125 61.8072967529296875 61.94838714599609375 62.328327178955078125 62.777923583984375 63.298206329345703125 63.83910369873046875 64.3626708984375 64.8811798095703125 65.37320709228515625 65.857513427734375 66.32607269287109375
53.9886474609375 54.551090240478515625 55.01863861083984375 55.458507537841796875 55.8476409912109375 56.221973419189453125 56.54801177978515625 56.859966278076171875 57.195262908935546875 57.53736114501953125 57.912181854248046875 58.296543121337890625 58.707408905029296875 59.12599945068359375 59.525543212890625 59.91953277587890625 60.263263702392578125 60.59233856201171875 60.880279541015625 61.156223297119140625 61.343235015869140625 61.50431060791015625 61.576732635498046875 61.623302459716796875 61.606170654296875 61.570453643798828125 61.447772979736328125 61.299724578857421875 61.204441070556640625 61.124542236328125 61.202419281005859375 61.3263092041015625 61.6613616943359375 62.058002471923828125 62.5329437255859375 63.030719757080078125 63.532001495361328125 64.03430938720703125 64.52191925048828125 65.0052490234375 65.47802734375
53.158405303955078125 53.73154449462890625 54.21201324462890625 54.6654510498046875 55.069126129150390625 55.458286285400390625 55.81363677978515625 56.159122467041015625 56.52179718017578125 56.8894805908203125 57.282924652099609375 57.683879852294921875 58.1124267578125 58.54901885986328125 58.95758819580078125 59.357982635498046875 59.701755523681640625 60.02901458740234375 60.303501129150390625 60.56259918212890625 60.736125946044921875 60.88469696044921875 60.9477691650390625 60.98590850830078125 60.944919586181640625 60.880855560302734375 60.77001190185546875 60.6455230712890625 60.594470977783203125 60.564838409423828125 60.6471710205078125 60.762157440185546875 61.054721832275390625 61.399082183837890625 61.815776824951171875 62.253570556640625 62.720531463623046875 63.1959991455078125 63.675678253173828125 64.156585693359375 64.6321563720703125
52.267459869384765625 52.86981201171875 53.36499786376953125 53.828929901123046875 54.238475799560546875 54.63216400146484375 54.993255615234375 55.34484100341796875 55.7201080322265625 56.102283477783203125 56.50954437255859375 56.9241180419921875 57.363971710205078125 57.81119537353515625 58.237751007080078125 58.658275604248046875 59.02144622802734375 59.367885589599609375 59.65453338623046875 59.923740386962890625 60.10454559326171875 60.259571075439453125 60.32763671875 60.37033843994140625 60.330169677734375 60.265827178955078125 60.1551666259765625 60.030994415283203125 59.976039886474609375 59.941272735595703125 60.012847900390625 60.115444183349609375 60.38309478759765625 60.698886871337890625 61.087253570556640625 61.496784210205078125 61.940448760986328125 62.394069671630859375 62.862361907958984375 63.334934234619140625 63.814788818359375
51.364673614501953125 51.999851226806640625 52.510105133056640625 52.983928680419921875 53.397655487060546875 53.79386138916015625 54.156101226806640625 54.508434295654296875 54.893413543701171875 55.2879180908203125 55.7080535888671875 56.1356658935546875 56.585582733154296875 57.0420074462890625 57.488292694091796875 57.9316253662109375 58.317962646484375 58.687679290771484375 58.991481781005859375 59.276058197021484375 59.46819305419921875 59.63336944580078125 59.709224700927734375 59.759029388427734375 59.7244873046875 59.66534423828125 59.55258941650390625 59.424198150634765625 59.355953216552734375 59.305248260498046875 59.363109588623046875 59.45262908935546875 59.698795318603515625 59.9906463623046875 60.356517791748046875 60.7439727783203125 61.166492462158203125 61.59923553466796875 62.0554656982421875 62.51854705810546875 63.002971649169921875
50.34482574462890625 51.010898590087890625 51.54105377197265625 52.031566619873046875 52.457744598388671875 52.8651580810546875 53.235065460205078125 53.594028472900390625 53.985809326171875 54.3871612548828125 54.8196563720703125 55.261234283447265625 55.724033355712890625 56.19301605224609375 56.658962249755859375 57.1240234375 57.542026519775390625 57.9463043212890625 58.2794647216796875 58.591884613037109375 58.7982635498046875 58.9737091064453125 59.059589385986328125 59.11934661865234375 59.093173980712890625 59.04193878173828125 58.947917938232421875 58.8414154052734375 58.7767791748046875 58.724353790283203125 58.76917266845703125 58.84235382080078125 59.052806854248046875 59.3032989501953125 59.631130218505859375 59.981517791748046875 60.375949859619140625 60.783222198486328125 61.22502899169921875 61.676910400390625 62.1606903076171875
49.302143096923828125 49.998737335205078125 50.54973602294921875 51.058269500732421875 51.498508453369140625 51.91883087158203125 52.297672271728515625 52.6644134521484375 53.0624237060546875 53.469554901123046875 53.914310455322265625 54.370037078857421875 54.84626007080078125 55.328460693359375 55.814052581787109375 56.300632476806640625 56.751956939697265625 57.19300079345703125 57.557903289794921875 57.90059661865234375 58.1217803955078125 58.307525634765625 58.403865814208984375 58.47412872314453125 58.456859588623046875 58.4140625 58.34283447265625 58.26331329345703125 58.2055816650390625 58.154205322265625 58.18611907958984375 58.2423248291015625 58.4142913818359375 58.620025634765625 58.906787872314453125 59.217182159423828125 59.582172393798828125 59.96308135986328125 60.390003204345703125 60.830341339111328125 61.312465667724609375
48.16840362548828125 48.863037109375 49.43691253662109375 49.975566864013671875 50.43289947509765625 50.86651611328125 51.262607574462890625 51.6477508544921875 52.05646514892578125 52.472057342529296875 52.925914764404296875 53.39093780517578125 53.880908966064453125 54.3781585693359375 54.890850067138671875 55.408039093017578125 55.8871002197265625 56.355037689208984375 56.75997161865234375 57.1465301513671875 57.388423919677734375 57.588123321533203125 57.69426727294921875 57.773128509521484375 57.766605377197265625 57.73517608642578125 57.685184478759765625 57.629772186279296875 57.594959259033203125 57.56615447998046875 57.596202850341796875 57.6434173583984375 57.779140472412109375 57.94068145751953125 58.18239593505859375 58.447490692138671875 58.774349212646484375 59.119220733642578125 59.52954864501953125 59.958965301513671875 60.435894012451171875
47.01689910888671875 47.703243255615234375 48.30039215087890625 48.87152862548828125 49.346546173095703125 49.793537139892578125 50.20849609375 50.61411285400390625 51.034404754638671875 51.45897674560546875 51.92132568359375 52.394695281982421875 52.898479461669921875 53.411136627197265625 53.952373504638671875 54.501949310302734375 55.00765228271484375 55.500560760498046875 55.9471435546875 56.380218505859375 56.643970489501953125 56.85833740234375 56.974163055419921875 57.061244964599609375 57.065826416015625 57.046344757080078125 57.01728057861328125 56.985416412353515625 56.97664642333984375 56.974609375 57.004947662353515625 57.044727325439453125 57.144641876220703125 57.262096405029296875 57.457988739013671875 57.6767578125 57.9637908935546875 58.2707366943359375 58.664134979248046875 59.0827484130859375 59.553791046142578125
45.999485015869140625 46.577816009521484375 47.153934478759765625 47.72940826416015625 48.221973419189453125 48.6903533935546875 49.121246337890625 49.54119873046875 49.95925140380859375 50.37674713134765625 50.842678070068359375 51.3227386474609375 51.838527679443359375 52.364742279052734375 52.94863128662109375 53.549343109130859375 54.100528717041015625 54.63726806640625 55.114620208740234375 55.574649810791015625 55.828510284423828125 56.022235870361328125 56.126171112060546875 56.203922271728515625 56.211681365966796875 56.199031829833984375 56.17700958251953125 56.15225982666015625 56.144886016845703125 56.142578125 56.167423248291015625 56.200191497802734375 56.277889251708984375 56.36869049072265625 56.545497894287109375 56.7473907470703125 57.021686553955078125 57.31710052490234375 57.71734619140625 58.14817047119140625 58.6370697021484375
45.00821685791015625 45.459087371826171875 46.0055389404296875 46.579864501953125 47.08994293212890625 47.5812835693359375 48.027530670166015625 48.460628509521484375 48.873744964599609375 49.28102874755859375 49.7495880126953125 50.23601531982421875 50.763458251953125 51.30286407470703125 51.932155609130859375 52.587665557861328125 53.188007354736328125 53.77225494384765625 54.278255462646484375 54.7614288330078125 54.999202728271484375 55.16539764404296875 55.25324249267578125 55.31822967529296875 55.327625274658203125 55.320804595947265625 55.303127288818359375 55.28227996826171875 55.271495819091796875 55.263645172119140625 55.281871795654296875 55.307704925537109375 55.36583709716796875 55.433383941650390625 55.596324920654296875 55.78708648681640625 56.053928375244140625 56.342952728271484375 56.754688262939453125 57.20220947265625 57.713596343994140625
44.30440521240234375 44.65761566162109375 45.127323150634765625 45.631008148193359375 46.106311798095703125 46.573333740234375 47.010105133056640625 47.43804931640625 47.82613372802734375 48.20259857177734375 48.6529083251953125 49.124755859375 49.6575927734375 50.20821380615234375 50.870574951171875 51.56552886962890625 52.228305816650390625 52.8816986083984375 53.442089080810546875 53.975353240966796875 54.1803741455078125 54.289661407470703125 54.31905364990234375 54.32514190673828125 54.307567596435546875 54.2830963134765625 54.26976776123046875 54.259693145751953125 54.25104522705078125 54.242809295654296875 54.254138946533203125 54.271175384521484375 54.321453094482421875 54.381420135498046875 54.542591094970703125 54.733272552490234375 55.003082275390625 55.295970916748046875 55.723659515380859375 56.19066619873046875 56.738185882568359375
43.656658172607421875 43.918018341064453125 44.301799774169921875 44.721286773681640625 45.15161895751953125 45.585109710693359375 46.0075531005859375 46.42678070068359375 46.785919189453125 47.127536773681640625 47.5555267333984375 48.0087127685546875 48.545719146728515625 49.10717010498046875 49.800197601318359375 50.531597137451171875 51.259403228759765625 51.986156463623046875 52.605960845947265625 53.19457244873046875 53.36359405517578125 53.41024017333984375 53.37291717529296875 53.311107635498046875 53.260990142822265625 53.2142791748046875 53.205310821533203125 53.207347869873046875 53.201915740966796875 53.194305419921875 53.198680877685546875 53.206554412841796875 53.25125885009765625 53.306705474853515625 53.4684600830078125 53.661220550537109375 53.93603515625 54.234783172607421875 54.67929840087890625 55.16632843017578125 55.75264739990234375
