test_data/ctet_grid_botm.asc
ncols        140
nrows        114
xllcorner    564915.000000000000
yllcorner    133341.000000000000
cellsize     50.000000000000
NODATA_value -0
[rows 90 to 107 of 114, columns 0 to 40 of 140]
8.8334321975708007812 9.6411924362182617188 10.451308250427246094 11.261290550231933594 12.071233749389648438 12.883045196533203125 13.695402145385742188 14.486400604248046875 15.271170616149902344 16.047925949096679688 16.822343826293945312 17.596601486206054688 18.37081146240234375 19.159656524658203125 19.95276641845703125 20.750192642211914062 21.548879623413085938 22.335559844970703125 23.118738174438476562 23.875761032104492188 24.625154495239257812 25.311183929443359375 25.978733062744140625 26.593317031860351562 27.19245147705078125 27.723474502563476562 28.234628677368164062 28.725572586059570312 29.210618972778320312 29.687831878662109375 30.162759780883789062 30.624944686889648438 31.083414077758789062 31.54349517822265625 32.0040435791015625 32.4754638671875 32.9500579833984375 33.422115325927734375 33.893436431884765625 34.36699676513671875 34.841213226318359375
8.509189605712890625 9.2738399505615234375 10.045162200927734375 10.831437110900878906 11.622073173522949219 12.418845176696777344 13.217405319213867188 13.994370460510253906 14.765035629272460938 15.530824661254882812 16.295190811157226562 17.054454803466796875 17.812231063842773438 18.59192657470703125 19.37801361083984375 20.176176071166992188 20.977863311767578125 21.775518417358398438 22.571996688842773438 23.346027374267578125 24.113512039184570312 24.809953689575195312 25.485673904418945312 26.09693145751953125 26.68938446044921875 27.209827423095703125 27.709268569946289062 28.189653396606445312 28.66448211669921875 29.135030746459960938 29.604330062866210938 30.062997817993164062 30.518566131591796875 30.973882675170898438 31.429128646850585938 31.893009185791015625 32.359409332275390625 32.82611846923828125 33.29291534423828125 33.76177215576171875 34.231227874755859375
8.2021732330322265625 8.9343786239624023438 9.6728887557983398438 10.435823440551757812 11.205881118774414062 11.990124702453613281 12.778505325317382812 13.537328720092773438 14.287531852722167969 15.037154197692871094 15.786607742309570312 16.535638809204101562 17.2845458984375 18.052581787109375 18.826198577880859375 19.618894577026367188 20.417156219482421875 21.220088958740234375 22.024383544921875 22.813402175903320312 23.597963333129882812 24.30175018310546875 24.981977462768554688 25.5847625732421875 26.164958953857421875 26.67400360107421875 27.162294387817382812 27.630199432373046875 28.092161178588867188 28.550985336303710938 29.008893966674804688 29.462255477905273438 29.914289474487304688 30.3650970458984375 30.815546035766601562 31.271343231201171875 31.728696823120117188 32.18947601318359375 32.65125274658203125 33.112186431884765625 33.5728759765625
7.8985166549682617188 8.6003580093383789062 9.3072214126586914062 10.046887397766113281 10.796118736267089844 11.568324089050292969 12.34722900390625 13.087111473083496094 13.815611839294433594 14.548054695129394531 15.281647682189941406 16.021371841430664062 16.76288604736328125 17.51877593994140625 18.278858184814453125 19.064876556396484375 19.85845947265625 20.665557861328125 21.47660064697265625 22.280210494995117188 23.081653594970703125 23.792186737060546875 24.476205825805664062 25.069515228271484375 25.6363677978515625 26.133852005004882812 26.611103057861328125 27.066156387329101562 27.514734268188476562 27.960845947265625 28.406240463256835938 28.853944778442382812 29.302326202392578125 29.748670578002929688 30.194423675537109375 30.64202880859375 31.09017181396484375 31.544908523559570312 32.001567840576171875 32.453952789306640625 32.90509033203125
7.6070952415466308594 8.2872724533081054688 8.9746675491333007812 9.6901388168334960938 10.413797378540039062 11.166608810424804688 11.927922248840332031 12.653057098388671875 13.367639541625976562 14.081137657165527344 14.794320106506347656 15.518815040588378906 16.246608734130859375 16.995044708251953125 17.749500274658203125 18.523572921752929688 19.303365707397460938 20.103801727294921875 20.910257339477539062 21.7007904052734375 22.486680984497070312 23.193706512451171875 23.877729415893554688 24.467908859252929688 25.0307159423828125 25.530847549438476562 26.012699127197265625 26.466724395751953125 26.912631988525390625 27.349653244018554688 27.78408050537109375 28.2227020263671875 28.662546157836914062 29.105085372924804688 29.548410415649414062 29.991586685180664062 30.434720993041992188 30.883953094482421875 31.334964752197265625 31.782733917236328125 32.229557037353515625
7.3180599212646484375 7.9782705307006835938 8.6485719680786132812 9.3396673202514648438 10.036828994750976562 10.768811225891113281 11.510950088500976562 12.222155570983886719 12.924338340759277344 13.618547439575195312 14.310430526733398438 15.018540382385253906 15.731383323669433594 16.473279953002929688 17.223651885986328125 17.98474884033203125 18.748975753784179688 19.540636062622070312 20.340295791625976562 21.112356185913085938 21.876367568969726562 22.577884674072265625 23.261175155639648438 23.849458694458007812 24.4100341796875 24.915584564208984375 25.405086517333984375 25.86038970947265625 26.305719375610351562 26.734354019165039062 27.15811920166015625 27.586986541748046875 28.017343521118164062 28.456203460693359375 28.897542953491210938 29.337026596069335938 29.775966644287109375 30.219800949096679688 30.665063858032226562 31.10898590087890625 31.552518844604492188
7.0508880615234375 7.687572479248046875 8.3364458084106445312 9.008152008056640625 9.6865177154541015625 10.394297599792480469 11.110657691955566406 11.800999641418457031 12.483753204345703125 13.163835525512695312 13.843137741088867188 14.535143852233886719 15.230854988098144531 15.960094451904296875 16.6991119384765625 17.452413558959960938 18.209878921508789062 18.985797882080078125 19.767099380493164062 20.512622833251953125 21.247713088989257812 21.92400360107421875 22.583143234252929688 23.1609039306640625 23.71492767333984375 24.230678558349609375 24.735265731811523438 25.201694488525390625 25.656993865966796875 26.087312698364257812 26.510349273681640625 26.934764862060546875 27.359582901000976562 27.790464401245117188 28.223115921020507812 28.658353805541992188 29.0943450927734375 29.537855148315429688 29.983554840087890625 30.424497604370117188 30.86405181884765625
6.7879800796508789062 7.4004445075988769531 8.0270452499389648438 8.6803340911865234375 9.3414058685302734375 10.024325370788574219 10.713617324829101562 11.381744384765625 12.043698310852050781 12.710659980773925781 13.37908172607421875 14.0550384521484375 14.73319244384765625 15.448581695556640625 16.174829483032226562 16.921342849731445312 17.673765182495117188 18.432586669921875 19.193271636962890625 19.910688400268554688 20.615484237670898438 21.262699127197265625 21.893123626708984375 22.458673477172851562 23.005304336547851562 23.53218841552734375 24.053312301635742188 24.532785415649414062 25.000112533569335938 25.43408203125 25.858325958251953125 26.279321670532226562 26.699373245239257812 27.121438980102539062 27.544092178344726562 27.974979400634765625 28.408266067504882812 28.852436065673828125 29.29978179931640625 29.737913131713867188 30.173358917236328125
6.5548405647277832031 7.144596099853515625 7.749103546142578125 8.3747682571411132812 9.006603240966796875 9.6590452194213867188 10.317496299743652344 10.960612297058105469 11.599256515502929688 12.247666358947753906 12.898923873901367188 13.569331169128417969 14.245324134826660156 14.94568634033203125 15.653156280517578125 16.380750656127929688 17.114213943481445312 17.856668472290039062 18.60174560546875 19.296543121337890625 19.976675033569335938 20.60204315185546875 21.2114410400390625 21.7591400146484375 22.288845062255859375 22.826372146606445312 23.366180419921875 23.861253738403320312 24.343282699584960938 24.781797409057617188 25.207622528076171875 25.629514694213867188 26.050256729125976562 26.467700958251953125 26.884181976318359375 27.3023223876953125 27.720945358276367188 28.16806793212890625 28.623502731323242188 29.064695358276367188 29.501737594604492188
6.3275060653686523438 6.8948483467102050781 7.4772968292236328125 8.0735425949096679688 8.6738128662109375 9.2946796417236328125 9.9215545654296875 10.539114952087402344 11.153959274291992188 11.782757759094238281 12.415625572204589844 13.082531929016113281 13.759366035461425781 14.444472312927246094 15.131991386413574219 15.838300704956054688 16.550090789794921875 17.276323318481445312 18.00676727294921875 18.68001556396484375 19.336584091186523438 19.941514968872070312 20.531385421752929688 21.060131072998046875 21.571050643920898438 22.1191253662109375 22.678037643432617188 23.189210891723632812 23.68646240234375 24.129697799682617188 24.557178497314453125 24.980804443359375 25.4033050537109375 25.816946029663085938 26.228000640869140625 26.631757736206054688 27.033384323120117188 27.483903884887695312 27.9486846923828125 28.394084930419921875 28.833835601806640625
6.1494536399841308594 6.7000374794006347656 7.2644133567810058594 7.8321242332458496094 8.4008073806762695312 8.9849538803100585938 9.5736103057861328125 10.183390617370605469 10.799332618713378906 11.405866622924804688 12.009656906127929688 12.649670600891113281 13.300248146057128906 13.969918251037597656 14.645155906677246094 15.328897476196289062 16.015119552612304688 16.718450546264648438 17.4267730712890625 18.08281707763671875 18.723615646362304688 19.31580352783203125 19.893812179565429688 20.410715103149414062 20.909795761108398438 21.4541015625 22.011600494384765625 22.534563064575195312 23.047451019287109375 23.500913619995117188 23.937044143676757812 24.354497909545898438 24.766508102416992188 25.1789093017578125 25.591424942016601562 25.992338180541992188 26.38986968994140625 26.841711044311523438 27.309392929077148438 27.754812240600585938 28.193735122680664062
5.9810128211975097656 6.5159406661987304688 7.0630221366882324219 7.6023702621459960938 8.1394624710083007812 8.6858844757080078125 9.2350263595581054688 9.8404941558837890625 10.462388992309570312 11.046141624450683594 11.618769645690917969 12.227327346801757812 12.846365928649902344 13.500563621520996094 14.16501617431640625 14.825940132141113281 15.485834121704101562 16.1649627685546875 16.849700927734375 17.48938751220703125 18.115936279296875 18.696880340576171875 19.264524459838867188 19.770969390869140625 20.259565353393554688 20.797313690185546875 21.349397659301757812 21.883306503295898438 22.411914825439453125 22.876676559448242188 23.322818756103515625 23.732561111450195312 24.131689071655273438 24.543352127075195312 24.95867156982421875 25.358995437622070312 25.754945755004882812 26.207704544067382812 26.677032470703125 27.121648788452148438 27.55905914306640625
5.8392748832702636719 6.3694019317626953125 6.9099740982055664062 7.4343199729919433594 7.9539332389831542969 8.4638872146606445312 8.9710235595703125 9.5512895584106445312 10.152884483337402344 10.7376708984375 11.317554473876953125 11.889392852783203125 12.45888519287109375 13.08013916015625 13.716490745544433594 14.358814239501953125 15.002878189086914062 15.65700531005859375 16.314067840576171875 16.931827545166015625 17.538125991821289062 18.108486175537109375 18.668367385864257812 19.177946090698242188 19.672855377197265625 20.205883026123046875 20.750028610229492188 21.282690048217773438 21.812002182006835938 22.282861709594726562 22.736673355102539062 23.1409454345703125 23.53076934814453125 23.931154251098632812 24.334619522094726562 24.739229202270507812 25.14417266845703125 25.602115631103515625 26.0755157470703125 26.527767181396484375 26.973848342895507812
5.7027444839477539062 6.2301883697509765625 6.7663545608520507812 7.2783036231994628906 7.7831892967224121094 8.2569208145141601562 8.7215662002563476562 9.2725572586059570312 9.84873199462890625 10.439196586608886719 11.033827781677246094 11.567919731140136719 12.084353446960449219 12.66925811767578125 13.27413177490234375 13.898676872253417969 14.528958320617675781 15.157928466796875 15.786516189575195312 16.381261825561523438 16.966138839721679688 17.5260467529296875 18.078670501708984375 18.594034194946289062 19.098531723022460938 19.627199172973632812 20.162914276123046875 20.691951751708984375 21.219038009643554688 21.694980621337890625 22.156003952026367188 22.555242538452148438 22.936460494995117188 23.323513031005859375 23.7122650146484375 24.122110366821289062 24.53810882568359375 25.00206756591796875 25.480016708374023438 25.941545486450195312 26.398284912109375
5.6103301048278808594 6.1307401657104492188 6.6615281105041503906 7.1675434112548828125 7.6663336753845214844 8.125652313232421875 8.5734577178955078125 9.0665912628173828125 9.5729455947875976562 10.119739532470703125 10.678327560424804688 11.19815826416015625 11.706684112548828125 12.2819366455078125 12.876649856567382812 13.490763664245605469 14.110535621643066406 14.726532936096191406 15.3414306640625 15.919336318969726562 16.486454010009765625 17.042850494384765625 17.596118927001953125 18.129640579223632812 18.657403945922851562 19.173160552978515625 19.68541717529296875 20.191925048828125 20.696756362915039062 21.164119720458984375 21.620555877685546875 22.012548446655273438 22.3857421875 22.766923904418945312 23.150430679321289062 23.559360504150390625 23.975704193115234375 24.426561355590820312 24.887483596801757812 25.346881866455078125 25.805835723876953125
5.5265192985534667969 6.0390477180480957031 6.5642671585083007812 7.0656094551086425781 7.5599880218505859375 8.0091466903686523438 8.4451160430908203125 8.8748178482055664062 9.3026905059814453125 9.7961893081665039062 10.308829307556152344 10.818979263305664062 11.328402519226074219 11.899209976196289062 12.487920761108398438 13.093036651611328125 13.702936172485351562 14.308337211608886719 14.912426948547363281 15.474697113037109375 16.024770736694335938 16.579010009765625 17.134466171264648438 17.688556671142578125 18.242250442504882812 18.74343109130859375 19.229297637939453125 19.709589004516601562 20.188257217407226562 20.644380569458007812 21.093929290771484375 21.478240966796875 21.843526840209960938 22.220289230346679688 22.600400924682617188 23.007213592529296875 23.42181396484375 23.855838775634765625 24.295530319213867188 24.750574111938476562 25.210092544555664062
5.5176448822021484375 6.016048431396484375 6.5263657569885253906 7.024074554443359375 7.5181050300598144531 7.9656510353088378906 8.399639129638671875 8.8083171844482421875 9.209613800048828125 9.6478023529052734375 10.096750259399414062 10.568578720092773438 11.047080039978027344 11.5919036865234375 12.156070709228515625 12.736628532409667969 13.321966171264648438 13.908511161804199219 14.495409011840820312 15.045596122741699219 15.585076332092285156 16.117097854614257812 16.646944046020507812 17.193477630615234375 17.744878768920898438 18.262538909912109375 18.770357131958007812 19.245954513549804688 19.712156295776367188 20.154317855834960938 20.589468002319335938 20.968292236328125 21.3306884765625 21.706552505493164062 22.086347579956054688 22.493642807006835938 22.90895843505859375 23.340360641479492188 23.776454925537109375 24.216218948364257812 24.657052993774414062
5.5233860015869140625 6.0064458847045898438 6.5000410079956054688 6.9943184852600097656 7.4887948036193847656 7.9363942146301269531 8.3703222274780273438 8.7662487030029296875 9.151092529296875 9.5335760116577148438 9.9153718948364257812 10.343293190002441406 10.78466796875 11.299306869506835938 11.835313796997070312 12.388278961181640625 12.946190834045410156 13.51226806640625 14.080727577209472656 14.619524955749511719 15.149671554565429688 15.655562400817871094 16.154378890991210938 16.687870025634765625 17.231472015380859375 17.77166748046875 18.3108673095703125 18.785968780517578125 19.242372512817382812 19.670042037963867188 20.089328765869140625 20.463092803955078125 20.823577880859375 21.199232101440429688 21.579309463500976562 21.9875946044921875 22.40410614013671875 22.835657119750976562 23.271593093872070312 23.69394683837890625 24.112339019775390625
