test_data/ctet_grid_top.asc
ncols        140
nrows        114
xllcorner    564915.000000000000
yllcorner    133341.000000000000
cellsize     50.000000000000
NODATA_value -0
[rows 57 to 75 of 114, columns 42 to 83 of 140]
207.4766998291015625 209.8714447021484375 212.4362945556640625 213.6588897705078125 214.489990234375 215.2936553955078125 216.0893096923828125 216.4591217041015625 216.704742431640625 217.577362060546875 218.63287353515625 219.2025299072265625 219.6304779052734375 219.9475555419921875 220.2322845458984375 220.499969482421875 220.7626800537109375 220.8330535888671875 220.847320556640625 221.4515380859375 222.227813720703125 222.6598663330078125 222.99151611328125 223.122100830078125 223.1940460205078125 223.2343292236328125 223.265350341796875 223.5299530029296875 223.8626556396484375 223.98529052734375 224.046661376953125 224.3383636474609375 224.697235107421875 224.9320068359375 225.1305999755859375 225.32843017578125 225.52606201171875 225.7828216552734375 226.0568389892578125 226.330078125 226.60308837890625 226.856781005859375
207.2698516845703125 209.5949249267578125 212.0861968994140625 213.404998779296875 214.3818511962890625 215.158721923828125 215.87725830078125 216.2530517578125 216.5288848876953125 217.39288330078125 218.4284210205078125 218.9886627197265625 219.4102783203125 219.72479248046875 220.0080718994140625 220.3004150390625 220.5954132080078125 220.6904296875 220.7271270751953125 221.3292999267578125 222.0963897705078125 222.5345916748046875 222.87689208984375 223.0113983154296875 223.0853118896484375 223.1888427734375 223.3010101318359375 223.5347442626953125 223.8039398193359375 223.7651824951171875 223.6365966796875 223.9887542724609375 224.4811248779296875 224.72662353515625 224.900115966796875 225.092071533203125 225.289398193359375 225.624114990234375 225.9989013671875 226.2619781494140625 226.492462158203125 226.7505035400390625
206.9228668212890625 209.2152099609375 211.69012451171875 213.16204833984375 214.3414459228515625 215.0891571044921875 215.7109832763671875 216.1074981689453125 216.4383087158203125 217.24664306640625 218.19427490234375 218.7251129150390625 219.1343994140625 219.452880859375 219.744873046875 220.079559326171875 220.4267120361328125 220.5933685302734375 220.7073974609375 221.28118896484375 221.98907470703125 222.4015045166015625 222.727783203125 222.8616180419921875 222.9393157958984375 223.1167755126953125 223.3233489990234375 223.532989501953125 223.7435150146484375 223.534271240234375 223.202606201171875 223.6258392333984375 224.2692413330078125 224.507415771484375 224.6273956298828125 224.8244781494140625 225.0440673828125 225.468963623046875 225.9537506103515625 226.20550537109375 226.3892974853515625 226.652801513671875
206.358673095703125 208.815216064453125 211.5150604248046875 213.049957275390625 214.2451019287109375 214.9832916259765625 215.588226318359375 216.08734130859375 216.5555877685546875 216.9672088623046875 217.362335205078125 218.080108642578125 218.8919830322265625 219.372161865234375 219.7555999755859375 220.1170654296875 220.472137451171875 220.7144317626953125 220.923828125 221.3548431396484375 221.850494384765625 222.248016357421875 222.616912841796875 222.7821044921875 222.88787841796875 223.0138092041015625 223.1456146240234375 223.3712615966796875 223.6242523193359375 223.5080718994140625 223.2841949462890625 223.6313629150390625 224.1450653076171875 224.3539276123046875 224.4738616943359375 224.7041473388671875 224.96661376953125 225.4072723388671875 225.8999176025390625 226.209259033203125 226.46514892578125 226.6746063232421875
205.7521209716796875 208.411285400390625 211.3831024169921875 212.9633941650390625 214.137847900390625 214.870361328125 215.4739532470703125 216.0916290283203125 216.7133941650390625 216.66180419921875 216.4138031005859375 217.3607025146484375 218.6561126708984375 219.3287506103515625 219.8197479248046875 220.2049713134765625 220.559326171875 220.8780364990234375 221.1863250732421875 221.4522552490234375 221.705841064453125 222.090545654296875 222.5135040283203125 222.7162933349609375 222.854888916015625 222.9048004150390625 222.928863525390625 223.1783294677734375 223.4935455322265625 223.52178955078125 223.4663543701171875 223.708740234375 224.037994384765625 224.2132568359375 224.343597412109375 224.6125335693359375 224.9219207763671875 225.36383056640625 225.844390869140625 226.224761962890625 226.5759124755859375 226.7197265625
205.952301025390625 208.5288848876953125 211.3855743408203125 212.9422607421875 214.1197967529296875 214.8841400146484375 215.5279693603515625 216.0514984130859375 216.539947509765625 216.4412841796875 216.1714019775390625 216.875030517578125 217.8625946044921875 218.674835205078125 219.435943603515625 220.015167236328125 220.54132080078125 220.9254150390625 221.26806640625 221.5220489501953125 221.75018310546875 222.087921142578125 222.4576263427734375 222.6731109619140625 222.8436126708984375 222.919036865234375 222.9667205810546875 223.225830078125 223.5465850830078125 223.5678863525390625 223.5018310546875 223.7388916015625 224.0643463134765625 224.292022705078125 224.4911956787109375 224.753021240234375 225.0331268310546875 225.45098876953125 225.909027099609375 226.2644195556640625 226.5898895263671875 226.74737548828125
206.309814453125 208.7482147216796875 211.414276123046875 212.9338836669921875 214.1191253662109375 214.922637939453125 215.6148223876953125 216.002716064453125 216.3018798828125 216.237335205078125 216.0667266845703125 216.4349365234375 216.9603118896484375 217.90185546875 218.96478271484375 219.7711944580078125 220.5027923583984375 220.9501190185546875 221.314544677734375 221.586456298828125 221.831390380859375 222.115509033203125 222.411041259765625 222.63433837890625 222.8365631103515625 222.9572906494140625 223.054229736328125 223.3202056884765625 223.6354827880859375 223.6202850341796875 223.5087127685546875 223.7598114013671875 224.1167144775390625 224.413604736328125 224.6929931640625 224.9387664794921875 225.1747283935546875 225.5636138916015625 225.997100830078125 226.308807373046875 226.5850067138671875 226.7716217041015625
206.3397674560546875 208.800567626953125 211.507965087890625 212.8898468017578125 213.8851470947265625 214.692169189453125 215.4442596435546875 215.8856048583984375 216.236328125 216.4453887939453125 216.613128662109375 216.9964447021484375 217.442626953125 218.1864166259765625 219.0170135498046875 219.6847381591796875 220.3049774169921875 220.740997314453125 221.123291015625 221.4925994873046875 221.8581085205078125 222.179473876953125 222.4879913330078125 222.7584686279296875 223.017852783203125 223.1181640625 223.1720733642578125 223.4012451171875 223.6815338134765625 223.6856842041015625 223.60931396484375 223.8212127685546875 224.1172027587890625 224.418731689453125 224.7218780517578125 224.9886932373046875 225.2448883056640625 225.6179962158203125 226.02520751953125 226.3627471923828125 226.6799774169921875 226.8476104736328125
206.30584716796875 208.8203582763671875 211.61431884765625 212.8388519287109375 213.6056671142578125 214.4092254638671875 215.2235107421875 215.7551727294921875 216.2044219970703125 216.7337799072265625 217.286529541015625 217.7532806396484375 218.194976806640625 218.6772308349609375 219.1713104248046875 219.628997802734375 220.076080322265625 220.48626708984375 220.88568115234375 221.36785888671875 221.874176025390625 222.25054931640625 222.589019775390625 222.91436767578125 223.235870361328125 223.302947998046875 223.2958221435546875 223.47967529296875 223.7192230224609375 223.753631591796875 223.72821044921875 223.8905181884765625 224.107574462890625 224.401153564453125 224.717041015625 225.012115478515625 225.301116943359375 225.6610260009765625 226.0416259765625 226.4185638427734375 226.7944183349609375 226.9337005615234375
206.5574188232421875 208.91204833984375 211.402069091796875 212.661590576171875 213.5622406005859375 214.3744049072265625 215.1607818603515625 215.68585205078125 216.1347198486328125 216.7488250732421875 217.4111480712890625 217.7967681884765625 218.101715087890625 218.5370635986328125 219.010467529296875 219.44891357421875 219.877166748046875 220.35992431640625 220.8585662841796875 221.079559326171875 221.219573974609375 221.6081085205078125 222.0691375732421875 222.4024658203125 222.69854736328125 222.8602447509765625 222.982757568359375 223.2891998291015625 223.6492919921875 223.6299896240234375 223.500030517578125 223.678466796875 223.9468536376953125 224.2252960205078125 224.5066680908203125 224.786102294921875 225.0649871826171875 225.4335479736328125 225.8282623291015625 226.2243804931640625 226.6209259033203125 226.7855377197265625
206.86468505859375 209.01776123046875 211.127685546875 212.4597015380859375 213.5648345947265625 214.3879852294921875 215.128875732421875 215.628448486328125 216.057647705078125 216.7105560302734375 217.4287261962890625 217.7011260986328125 217.8435211181640625 218.2738494873046875 218.78814697265625 219.2445526123046875 219.68408203125 220.25860595703125 220.8725128173828125 220.7593536376953125 220.43414306640625 220.826507568359375 221.42816162109375 221.76031494140625 222.013885498046875 222.2951507568359375 222.5844879150390625 223.0462799072265625 223.558380126953125 223.468994140625 223.2041778564453125 223.41156005859375 223.75665283203125 224.0185546875 224.256195068359375 224.511444091796875 224.7718353271484375 225.1533050537109375 225.5700836181640625 225.9814605712890625 226.3912811279296875 226.5916900634765625
207.08642578125 209.0539093017578125 210.91571044921875 212.137939453125 213.173614501953125 213.9724273681640625 214.7021484375 215.214019775390625 215.6623687744140625 216.305328369140625 217.005035400390625 217.375091552734375 217.649017333984375 218.115234375 218.6375579833984375 219.181732177734375 219.732269287109375 219.7223968505859375 219.549072265625 218.607147216796875 217.441070556640625 217.7627105712890625 218.51824951171875 219.7478790283203125 221.1157684326171875 221.86273193359375 222.4286041259765625 222.944854736328125 223.4466400146484375 223.3133087158203125 222.994720458984375 223.2330474853515625 223.633819580078125 223.877685546875 224.0758056640625 224.3117523193359375 224.5587615966796875 224.9361724853515625 225.35162353515625 225.78045654296875 226.2131805419921875 226.52783203125
207.291473388671875 209.07647705078125 210.715911865234375 211.7928009033203125 212.705596923828125 213.473175048828125 214.1984100341796875 214.7299652099609375 215.2050323486328125 215.8285064697265625 216.4952850341796875 217.0041351318359375 217.4669189453125 217.9770355224609375 218.500946044921875 219.1464996337890625 219.8275146484375 219.1013641357421875 217.964813232421875 216.09765625 214.017425537109375 214.253814697265625 215.16583251953125 217.4681854248046875 220.176025390625 221.456207275390625 222.3199920654296875 222.87103271484375 223.330841064453125 223.1586456298828125 222.8021240234375 223.0717926025390625 223.52410888671875 223.749664306640625 223.9090728759765625 224.1266937255859375 224.361297607421875 224.731353759765625 225.14093017578125 225.587615966796875 226.045135498046875 226.48931884765625
207.541900634765625 209.1951751708984375 210.7108612060546875 211.7640533447265625 212.682373046875 213.2701263427734375 213.7614898681640625 214.423583984375 215.135498046875 215.6812286376953125 216.178497314453125 216.6783294677734375 217.1789093017578125 217.641876220703125 218.0938720703125 218.67279052734375 219.288726806640625 218.932708740234375 218.293212890625 216.4217071533203125 214.190887451171875 214.0891876220703125 214.6084442138671875 217.1707611083984375 220.328948974609375 221.5480499267578125 222.20159912109375 222.6694488525390625 223.0831298828125 223.001861572265625 222.7762298583984375 223.0057373046875 223.3679962158203125 223.585601806640625 223.761016845703125 223.974639892578125 224.1994171142578125 224.5565032958984375 224.9521636962890625 225.4307403564453125 225.9334869384765625 226.429168701171875
207.801177978515625 209.3326263427734375 210.7437896728515625 211.797027587890625 212.7458953857421875 213.124847412109375 213.33758544921875 214.1518707275390625 215.1415863037109375 215.59820556640625 215.89935302734375 216.3613433837890625 216.8702392578125 217.2682952880859375 217.634033203125 218.113555908203125 218.6262664794921875 218.852264404296875 218.9946441650390625 217.2983856201171875 215.0658721923828125 214.5767822265625 214.5961761474609375 217.25994873046875 220.6949615478515625 221.737091064453125 222.0813140869140625 222.442962646484375 222.8096923828125 222.8446502685546875 222.7828521728515625 222.958251953125 223.20281982421875 223.4145050048828125 223.616607666015625 223.82904052734375 224.0444793701171875 224.3874664306640625 224.767669677734375 225.280853271484375 225.8328399658203125 226.36480712890625
208.3228607177734375 209.6418609619140625 210.7858428955078125 211.7053680419921875 212.559417724609375 213.076812744140625 213.4960174560546875 214.27532958984375 215.1596527099609375 215.8154754638671875 216.4046478271484375 216.59954833984375 216.679443359375 216.9434661865234375 217.261199951171875 217.6976470947265625 218.1687164306640625 218.574462890625 218.961151123046875 218.09808349609375 216.870513916015625 216.7286529541015625 216.9034576416015625 218.6431884765625 220.83935546875 221.5521392822265625 221.832275390625 222.1640777587890625 222.510955810546875 222.5432586669921875 222.483795166015625 222.7015838623046875 223.000244140625 223.251312255859375 223.4885101318359375 223.62701416015625 223.7367401123046875 224.093536376953125 224.52239990234375 225.03607177734375 225.5744781494140625 226.1308441162109375
208.895721435546875 209.984588623046875 210.8296966552734375 211.5894012451171875 212.324188232421875 213.0477447509765625 213.7680206298828125 214.4758453369140625 215.1800537109375 216.09130859375 217.0629425048828125 216.946044921875 216.51165771484375 216.6281585693359375 216.90533447265625 217.3096771240234375 217.7511138916015625 218.2581634521484375 218.7843475341796875 218.882781982421875 218.856475830078125 219.205108642578125 219.663116455078125 220.2788238525390625 220.9405364990234375 221.2942352294921875 221.5581207275390625 221.8749847412109375 222.2072906494140625 222.2137298583984375 222.1251068115234375 222.4041290283203125 222.790374755859375 223.08966064453125 223.3636016845703125 223.41400146484375 223.3992156982421875 223.775238037109375 224.2652587890625 224.77276611328125 225.2853546142578125 225.86383056640625
208.9407806396484375 210.00927734375 210.8799285888671875 211.652374267578125 212.3961639404296875 213.0971527099609375 213.785675048828125 214.4711456298828125 215.155731201171875 215.96319580078125 216.806488037109375 217.2341766357421875 217.5406341552734375 217.3370513916015625 216.9846954345703125 217.047271728515625 217.2308502197265625 217.591888427734375 218.0046844482421875 218.4517822265625 218.90887451171875 219.34503173828125 219.7750701904296875 220.1555328369140625 220.521514892578125 220.7876434326171875 221.024658203125 221.3842315673828125 221.7795562744140625 221.8397216796875 221.8021392822265625 222.042266845703125 222.363372802734375 222.659515380859375 222.948394775390625 222.8855743408203125 222.7201995849609375 222.94757080078125 223.2895050048828125 223.8819732666015625 224.5475311279296875 225.13201904296875
208.8829193115234375 209.9719390869140625 210.931427001953125 211.750244140625 212.528045654296875 213.1618804931640625 213.7537078857421875 214.4264068603515625 215.1226959228515625 215.7563018798828125 216.37164306640625 217.51092529296875 218.8030242919921875 218.245697021484375 217.148956298828125 216.809356689453125 216.690582275390625 216.8573760986328125 217.107452392578125 217.7836761474609375 218.5841827392578125 219.0292510986328125 219.3706512451171875 219.6891937255859375 220.0010528564453125 220.2325592041015625 220.4406280517578125 220.854156494140625 221.3276214599609375 221.4570465087890625 221.48614501953125 221.6678314208984375 221.8940277099609375 222.1770172119140625 222.4765777587890625 222.2956390380859375 221.974578857421875 222.0205535888671875 222.1735992431640625 222.8688201904296875 223.7221832275390625 224.3095550537109375
