test_data/ctet_grid_top.asc
ncols        140
nrows        114
xllcorner    564915.000000000000
yllcorner    133341.000000000000
cellsize     50.000000000000
NODATA_value -0
[rows 95 to 113 of 114, columns 42 to 83 of 140]
205.2109222412109375 205.7706756591796875 206.369415283203125 206.658660888671875 206.8576507568359375 207.2972869873046875 207.8071136474609375 207.17181396484375 206.2025146484375 207.470123291015625 209.3901214599609375 209.68475341796875 209.50531005859375 209.3319091796875 209.1602783203125 209.096466064453125 209.064117431640625 209.3819427490234375 209.8019256591796875 210.42633056640625 211.1103668212890625 211.78961181640625 212.4674530029296875 212.5648345947265625 212.4929351806640625 212.9481658935546875 213.5571136474609375 213.8904266357421875 214.143341064453125 214.9077301025390625 215.8212890625 219.266387939453125 223.4498443603515625 225.148162841796875 226.121673583984375 226.1881256103515625 225.9900360107421875 222.06231689453125 217.0468292236328125 214.188720703125 211.959808349609375 208.8936309814453125
205.4460906982421875 205.867584228515625 206.329986572265625 206.5673980712890625 206.7392120361328125 207.234466552734375 207.824066162109375 207.2530975341796875 206.3436279296875 207.4812469482421875 209.2159271240234375 209.5210418701171875 209.40924072265625 209.07330322265625 208.6719970703125 208.461029052734375 208.305572509765625 208.60223388671875 209.03076171875 209.571929931640625 210.1459503173828125 210.8367462158203125 211.56158447265625 211.8259735107421875 211.956085205078125 212.4404144287109375 213.028045654296875 213.257720947265625 213.3829803466796875 214.2307281494140625 215.2891998291015625 218.5306549072265625 222.4088134765625 223.7007293701171875 224.238372802734375 224.2917327880859375 224.2038726806640625 221.9833526611328125 219.1408233642578125 217.536041259765625 216.2922515869140625 214.6009521484375
205.7664642333984375 206.03961181640625 206.3301544189453125 206.5018157958984375 206.6387939453125 207.2403717041015625 207.9774627685546875 207.6251068115234375 206.95501708984375 207.77813720703125 209.0367584228515625 209.345703125 209.3776702880859375 208.8877105712890625 208.2455291748046875 207.86566162109375 207.5623016357421875 207.8193511962890625 208.2398529052734375 208.67822265625 209.121795654296875 209.79486083984375 210.53485107421875 211.00054931640625 211.386260986328125 211.8792572021484375 212.403564453125 212.5372314453125 212.556976318359375 213.52960205078125 214.7801513671875 217.7352752685546875 221.18756103515625 222.029052734375 222.1090850830078125 222.1711883544921875 222.2280426025390625 221.8803253173828125 221.4146270751953125 221.3585052490234375 221.421844482421875 221.3225860595703125
205.7685089111328125 205.9422454833984375 206.140655517578125 206.35723876953125 206.5791168212890625 207.151397705078125 207.8258819580078125 207.51373291015625 206.913818359375 207.6965179443359375 208.882476806640625 209.1091766357421875 209.05609130859375 208.5048675537109375 207.8083343505859375 207.48333740234375 207.266693115234375 207.50494384765625 207.8758697509765625 208.2903900146484375 208.7176361083984375 209.4061431884765625 210.170867919921875 210.6062469482421875 210.945556640625 211.2879180908203125 211.63116455078125 211.7871551513671875 211.8885345458984375 212.69158935546875 213.6992645263671875 216.4967498779296875 219.816253662109375 221.08856201171875 221.7638092041015625 222.111328125 222.3632659912109375 223.17340087890625 224.1463623046875 224.132110595703125 223.8299407958984375 223.7553863525390625
205.7084503173828125 205.7923431396484375 205.9141693115234375 206.197265625 206.52740478515625 207.0439300537109375 207.6148223876953125 207.308074951171875 206.745330810546875 207.54107666015625 208.7330322265625 208.8607025146484375 208.6779632568359375 208.0835418701171875 207.3690643310546875 207.1425628662109375 207.0583953857421875 207.281890869140625 207.5951385498046875 208.0012359619140625 208.43438720703125 209.1448211669921875 209.9361419677734375 210.2960052490234375 210.5300445556640625 210.6906890869140625 210.829925537109375 211.03131103515625 211.2508392333984375 211.8268585205078125 212.5068511962890625 215.1717987060546875 218.4156646728515625 220.2906646728515625 221.766448974609375 222.453369140625 222.9102020263671875 224.73876953125 226.9674072265625 226.7011566162109375 225.7072601318359375 225.3517303466796875
205.51824951171875 205.4893798828125 205.4703369140625 205.86279296875 206.375274658203125 207.1025238037109375 207.89239501953125 207.75885009765625 207.3559722900390625 207.8094940185546875 208.5128021240234375 208.5079193115234375 208.2964630126953125 207.66217041015625 206.9045562744140625 206.6583251953125 206.5612335205078125 206.716552734375 206.94549560546875 207.2495269775390625 207.5754852294921875 208.2463531494140625 209.017822265625 209.3500213623046875 209.554107666015625 209.814849853515625 210.0921173095703125 210.3479156494140625 210.59747314453125 211.2063446044921875 211.920013427734375 214.71429443359375 218.1154022216796875 220.530548095703125 222.65814208984375 223.69427490234375 224.412078857421875 225.776123046875 227.328643798828125 226.948974609375 226.005767822265625 225.8423004150390625
205.3026580810546875 205.156585693359375 204.984100341796875 205.494293212890625 206.203582763671875 207.1934967041015625 208.2652587890625 208.337646484375 208.1185455322265625 208.16058349609375 208.2787628173828125 208.1347808837890625 207.9143218994140625 207.2407989501953125 206.4351348876953125 206.1461029052734375 206.00775146484375 206.0844573974609375 206.2238922119140625 206.407623291015625 206.6042938232421875 207.2236175537109375 207.9662017822265625 208.280059814453125 208.4688873291015625 208.8846893310546875 209.3666839599609375 209.67864990234375 209.9410400390625 210.633453369140625 211.4512786865234375 214.42596435546875 218.02972412109375 220.9728240966796875 223.723236083984375 225.1104888916015625 226.100189208984375 226.7104949951171875 227.21014404296875 226.7440948486328125 225.9963836669921875 226.117218017578125
205.159332275390625 205.0595703125 204.91510009765625 205.3433380126953125 205.9385833740234375 206.840728759765625 207.8323516845703125 208.0701446533203125 208.0880584716796875 208.0558319091796875 208.0089874267578125 207.7673797607421875 207.468963623046875 206.8085174560546875 206.0424652099609375 205.8917388916015625 205.9204864501953125 206.07562255859375 206.26763916015625 206.363983154296875 206.4324188232421875 206.811065673828125 207.2801971435546875 207.6083984375 207.8954925537109375 208.3238983154296875 208.79351806640625 209.03948974609375 209.22021484375 209.74224853515625 210.3638153076171875 212.3572998046875 214.7509002685546875 216.7903289794921875 218.7264404296875 219.8672332763671875 220.7760772705078125 221.274871826171875 221.654052734375 221.4115753173828125 220.9877777099609375 221.1571044921875
205.0301055908203125 205.0085296630859375 204.9274749755859375 205.23480224609375 205.6554107666015625 206.401397705078125 207.2422943115234375 207.6375885009765625 207.9029083251953125 207.8621978759765625 207.7322540283203125 207.4011077880859375 207.01129150390625 206.3740997314453125 205.664764404296875 205.68768310546875 205.9241485595703125 206.1883544921875 206.4606475830078125 206.47601318359375 206.41644287109375 206.517547607421875 206.665496826171875 207.014404296875 207.4219207763671875 207.8351593017578125 208.25006103515625 208.40618896484375 208.4868316650390625 208.7889556884765625 209.155670166015625 209.94140625 210.849334716796875 211.7058563232421875 212.547393798828125 213.3251953125 214.0843963623046875 214.5969085693359375 215.0374908447265625 215.0790252685546875 215.0041961669921875 215.1760101318359375
205.5470123291015625 206.097900390625 206.6994781494140625 206.8224334716796875 206.805816650390625 206.7773590087890625 206.745452880859375 207.1089324951171875 207.5877532958984375 207.511993408203125 207.274505615234375 206.8771209716796875 206.4331207275390625 205.9629058837890625 205.48504638671875 205.5664215087890625 205.8109130859375 206.010986328125 206.198089599609375 206.1552276611328125 206.0452728271484375 206.1737213134765625 206.3717041015625 206.7032318115234375 207.073699951171875 207.606719970703125 208.1871490478515625 208.269683837890625 208.2070159912109375 208.29022216796875 208.415985107421875 208.8939208984375 209.474578857421875 210.1707916259765625 210.900726318359375 211.5713958740234375 212.2248077392578125 212.5875701904296875 212.8655853271484375 213.1054229736328125 213.3341217041015625 213.649383544921875
206.1899261474609375 207.409698486328125 208.8146514892578125 208.740875244140625 208.2358245849609375 207.31231689453125 206.26678466796875 206.561553955078125 207.2472381591796875 207.131256103515625 206.7814483642578125 206.3223876953125 205.8314666748046875 205.556243896484375 205.3439178466796875 205.4613189697265625 205.674896240234375 205.77703857421875 205.8466949462890625 205.7500152587890625 205.6048431396484375 205.8201141357421875 206.1405029296875 206.44720458984375 206.749908447265625 207.429046630859375 208.21795654296875 208.2300872802734375 208.0156402587890625 207.8801422119140625 207.7676544189453125 208.1133270263671875 208.592620849609375 209.327972412109375 210.13800048828125 210.75146484375 211.3076171875 211.4887542724609375 211.560516357421875 211.98193359375 212.5053253173828125 212.9915008544921875
206.1432037353515625 206.989044189453125 207.9989166259765625 208.00732421875 207.7236480712890625 206.68682861328125 205.43035888671875 205.9070587158203125 206.8892669677734375 206.92315673828125 206.6804656982421875 206.2036285400390625 205.6584930419921875 205.421173095703125 205.2736358642578125 205.477752685546875 205.784423828125 205.943084716796875 206.0585784912109375 205.77239990234375 205.3690643310546875 205.4811553955078125 205.7435760498046875 205.9761810302734375 206.2000885009765625 206.7559967041015625 207.4087371826171875 207.4253387451171875 207.25640869140625 207.2775115966796875 207.3540191650390625 207.711456298828125 208.1508331298828125 208.8651275634765625 209.65960693359375 209.98553466796875 210.1748046875 210.2591094970703125 210.31280517578125 210.640777587890625 211.048736572265625 211.54388427734375
205.962005615234375 206.230499267578125 206.611572265625 206.756561279296875 206.83270263671875 205.83502197265625 204.5241546630859375 205.2316741943359375 206.52789306640625 206.7487335205078125 206.6559600830078125 206.169891357421875 205.569122314453125 205.3390960693359375 205.2171783447265625 205.5178680419921875 205.94183349609375 206.1871337890625 206.3803253173828125 205.8781585693359375 205.173187255859375 205.1450653076171875 205.3143463134765625 205.4632415771484375 205.6061859130859375 205.9863433837890625 206.4356842041015625 206.47137451171875 206.3864288330078125 206.6373138427734375 206.98614501953125 207.383453369140625 207.7949066162109375 208.4763946533203125 209.236663818359375 209.2301177978515625 208.99993896484375 209.0039520263671875 209.0762786865234375 209.257171630859375 209.4697113037109375 209.942230224609375
205.75311279296875 206.091217041015625 206.5086212158203125 206.54833984375 206.4779205322265625 206.090301513671875 205.61016845703125 205.813323974609375 206.215789794921875 206.331207275390625 206.3629150390625 205.9890594482421875 205.496917724609375 205.3423614501953125 205.2862396240234375 205.45294189453125 205.6846160888671875 205.7542724609375 205.7766571044921875 205.3341064453125 204.755950927734375 204.73193359375 204.869537353515625 205.074859619140625 205.2999420166015625 205.6366424560546875 206.005889892578125 206.135589599609375 206.1954193115234375 206.57879638671875 207.056549072265625 207.3741912841796875 207.6451263427734375 208.1497039794921875 208.7224273681640625 208.6779937744140625 208.4535980224609375 208.384063720703125 208.3596954345703125 208.5738372802734375 208.8575286865234375 209.2595672607421875
205.538818359375 206.0727081298828125 206.656158447265625 206.5434417724609375 206.2276763916015625 206.5614776611328125 207.084716796875 206.64013671875 205.9132843017578125 205.8662567138671875 206.0175018310546875 205.779541015625 205.428070068359375 205.362274169921875 205.3797760009765625 205.3675079345703125 205.3465576171875 205.1894073486328125 204.992523193359375 204.663330078125 204.2955474853515625 204.3037872314453125 204.42169189453125 204.710784912109375 205.0498046875 205.3688507080078125 205.6820526123046875 205.9203643798828125 206.136810302734375 206.63372802734375 207.212432861328125 207.4270782470703125 207.535552978515625 207.8350982666015625 208.19036865234375 208.16552734375 208.029815673828125 207.8880462646484375 207.7445220947265625 208.0270843505859375 208.4339141845703125 208.7561187744140625
205.5063018798828125 206.0405426025390625 206.55029296875 206.42620849609375 206.1172637939453125 206.1255035400390625 206.22625732421875 205.9447479248046875 205.5517425537109375 205.6242523193359375 205.83251953125 205.8314971923828125 205.7694549560546875 205.58062744140625 205.354827880859375 205.1730499267578125 205.004119873046875 204.8665313720703125 204.7380828857421875 204.3299713134765625 203.8403167724609375 203.79803466796875 203.8862152099609375 204.37542724609375 204.9815826416015625 205.3563690185546875 205.6636810302734375 205.7646942138671875 205.8055572509765625 206.1754913330078125 206.641387939453125 206.87261962890625 207.0354156494140625 207.291015625 207.5736846923828125 207.614593505859375 207.5849761962890625 207.603302001953125 207.6356048583984375 207.88897705078125 208.2068328857421875 208.4291229248046875
205.5092315673828125 206.005706787109375 206.39501953125 206.2870635986328125 206.0341033935546875 205.512603759765625 204.91278076171875 204.9524688720703125 205.178680419921875 205.42572021484375 205.6788177490234375 205.9344635009765625 206.19085693359375 205.8376922607421875 205.3067626953125 204.9573211669921875 204.66082763671875 204.590850830078125 204.586944580078125 204.0624237060546875 203.3860931396484375 203.277130126953125 203.3336639404296875 204.045654296875 204.9488372802734375 205.3936920166015625 205.704864501953125 205.6206512451171875 205.4211273193359375 205.617156982421875 205.9285736083984375 206.19970703125 206.4590911865234375 206.702178955078125 206.9405059814453125 207.05615234375 207.136016845703125 207.3597412109375 207.62542724609375 207.8305816650390625 208.01806640625 208.1365509033203125
205.481536865234375 206.048309326171875 206.57147216796875 206.214385986328125 205.6006011962890625 205.2789306640625 205.042449951171875 205.2168731689453125 205.5111236572265625 205.4453277587890625 205.2745208740234375 205.52703857421875 205.9029998779296875 205.5750274658203125 205.041748046875 204.79315185546875 204.6275787353515625 204.475006103515625 204.326202392578125 203.7570037841796875 203.0652008056640625 203.134307861328125 203.425323486328125 204.1952362060546875 205.10479736328125 205.31280517578125 205.3161773681640625 205.15948486328125 204.9561004638671875 205.1929931640625 205.55828857421875 206.02508544921875 206.521484375 206.977294921875 207.4212646484375 207.4005126953125 207.24420166015625 207.245269775390625 207.292236328125 207.4494781494140625 207.6388702392578125 207.8527069091796875
205.4478912353515625 206.10601806640625 206.8126220703125 206.1546783447265625 205.0987548828125 205.1192169189453125 205.453582763671875 205.726348876953125 205.9811553955078125 205.5074920654296875 204.8213653564453125 205.0200653076171875 205.4768218994140625 205.2109832763671875 204.734405517578125 204.6390228271484375 204.6548004150390625 204.39031982421875 204.0440826416015625 203.4441986083984375 202.77032470703125 203.065216064453125 203.6426239013671875 204.4382781982421875 205.297576904296875 205.2088623046875 204.843658447265625 204.6364593505859375 204.4753570556640625 204.79498291015625 205.25482177734375 205.9476470947265625 206.7084503173828125 207.4209136962890625 208.119293212890625 207.9209442138671875 207.4610443115234375 207.1559600830078125 206.89605712890625 207.00543212890625 207.2225189208984375 207.570587158203125
