test_data/ctet_grid_botm.asc
ncols        140
nrows        114
xllcorner    564915.000000000000
yllcorner    133341.000000000000
cellsize     50.000000000000
NODATA_value -0
[rows 72 to 89 of 114, columns 0 to 40 of 140]
18.9930877685546875 19.925647735595703125 20.872110366821289062 21.8418121337890625 22.81829071044921875 23.817098617553710938 24.822418212890625 25.821538925170898438 26.818851470947265625 27.78260040283203125 28.736562728881835938 29.665998458862304688 30.588283538818359375 31.316644668579101562 31.988445281982421875 32.586101531982421875 33.162128448486328125 33.733104705810546875 34.302608489990234375 34.85791778564453125 35.409084320068359375 35.941783905029296875 36.469097137451171875 36.97612762451171875 37.47724151611328125 38.02001953125 38.574951171875 39.07757568359375 39.56494903564453125 39.981166839599609375 40.3766326904296875 40.7310028076171875 41.07338714599609375 41.38394927978515625 41.685230255126953125 41.961750030517578125 42.231044769287109375 42.423885345458984375 42.59442901611328125 42.75904083251953125 42.921924591064453125
18.3898468017578125 19.317836761474609375 20.260240554809570312 21.225749969482421875 22.197996139526367188 23.186502456665039062 24.179750442504882812 25.163578033447265625 26.144659042358398438 27.095569610595703125 28.037683486938476562 28.939863204956054688 29.830396652221679688 30.55450439453125 31.230073928833007812 31.827024459838867188 32.4010467529296875 32.97655487060546875 33.552501678466796875 34.113391876220703125 34.669891357421875 35.202800750732421875 35.72882843017578125 36.2371368408203125 36.740276336669921875 37.30101776123046875 37.8785552978515625 38.40244293212890625 38.91068267822265625 39.341129302978515625 39.748882293701171875 40.110614776611328125 40.458927154541015625 40.774242401123046875 41.07993316650390625 41.355045318603515625 41.621242523193359375 41.83667755126953125 42.037303924560546875 42.236011505126953125 42.434154510498046875
17.751379013061523438 18.675365447998046875 19.613903045654296875 20.572740554809570312 21.53749847412109375 22.516885757446289062 23.50054168701171875 24.467456817626953125 25.4294891357421875 26.366144180297851562 27.295396804809570312 28.1865081787109375 29.066497802734375 29.816059112548828125 30.52758026123046875 31.140699386596679688 31.725118637084960938 32.282161712646484375 32.8312225341796875 33.382472991943359375 33.934368133544921875 34.471675872802734375 35.004730224609375 35.51805877685546875 36.025638580322265625 36.6087799072265625 37.213962554931640625 37.7595062255859375 38.287654876708984375 38.728305816650390625 39.1434326171875 39.514217376708984375 39.872066497802734375 40.19918060302734375 40.517330169677734375 40.803058624267578125 41.079326629638671875 41.321239471435546875 41.553134918212890625 41.773777008056640625 41.991138458251953125
17.106042861938476562 18.026136398315429688 18.960844039916992188 19.912527084350585938 20.869161605834960938 21.839662551879882812 22.814207077026367188 23.763891220092773438 24.706327438354492188 25.628448486328125 26.544643402099609375 27.427845001220703125 28.301424026489257812 29.082233428955078125 29.835987091064453125 30.468564987182617188 31.065801620483398438 31.599889755249023438 32.11556243896484375 32.654209136962890625 33.199558258056640625 33.7420806884765625 34.283782958984375 34.802867889404296875 35.315357208251953125 35.9217681884765625 36.555572509765625 37.1228485107421875 37.670719146728515625 38.120792388916015625 38.54233551025390625 38.922496795654296875 39.29058837890625 39.630878448486328125 39.9630584716796875 40.261737823486328125 40.550647735595703125 40.81980133056640625 41.083194732666015625 41.32340240478515625 41.556842803955078125
16.454132080078125 17.371900558471679688 18.304254531860351562 19.250232696533203125 20.200181961059570312 21.161321640014648438 22.12572479248046875 23.065187454223632812 23.997377395629882812 24.90702056884765625 25.810089111328125 26.6838531494140625 27.549070358276367188 28.337575912475585938 29.103708267211914062 29.778650283813476562 30.426996231079101562 30.982229232788085938 31.510301589965820312 32.02594757080078125 32.537967681884765625 33.0688629150390625 33.60526275634765625 34.129428863525390625 34.650028228759765625 35.264545440673828125 35.906452178955078125 36.4906463623046875 37.058002471923828125 37.52205657958984375 37.955982208251953125 38.34535980224609375 38.721744537353515625 39.076015472412109375 39.42383575439453125 39.73908233642578125 40.044830322265625 40.332622528076171875 40.615177154541015625 40.878795623779296875 41.13689422607421875
15.800937652587890625 16.7166900634765625 17.646978378295898438 18.58753204345703125 19.531076431274414062 20.482763290405273438 21.436824798583984375 22.367431640625 23.29119873046875 24.188768386840820312 25.078695297241210938 25.942722320556640625 26.799196243286132812 27.5908050537109375 28.363494873046875 29.085268020629882812 29.792194366455078125 30.377166748046875 30.926572799682617188 31.417188644409179688 31.890659332275390625 32.40663909912109375 32.935016632080078125 33.46413421630859375 33.993465423583984375 34.613132476806640625 35.25914764404296875 35.859310150146484375 36.44610595703125 36.9250335693359375 37.37250518798828125 37.77106475830078125 38.155364990234375 38.523773193359375 38.887546539306640625 39.220066070556640625 39.5434722900390625 39.8482208251953125 40.147533416748046875 40.4353179931640625 40.719745635986328125
15.139284133911132812 16.057615280151367188 16.989435195922851562 17.927654266357421875 18.867738723754882812 19.810167312622070312 20.753276824951171875 21.673528671264648438 22.5871124267578125 23.47613525390625 24.357995986938476562 25.215360641479492188 26.065582275390625 26.860712051391601562 27.639772415161132812 28.376688003540039062 29.10131072998046875 29.738346099853515625 30.3498382568359375 30.864229202270507812 31.350299835205078125 31.847238540649414062 32.347347259521484375 32.871212005615234375 33.402004241943359375 34.01641845703125 34.655223846435546875 35.25909423828125 35.852779388427734375 36.34215545654296875 36.801113128662109375 37.211376190185546875 37.607433319091796875 37.986614227294921875 38.360874176025390625 38.71240234375 39.057300567626953125 39.384654998779296875 39.706890106201171875 40.014904022216796875 40.318767547607421875
14.475981712341308594 15.397787094116210938 16.331838607788085938 17.268327713012695312 18.205526351928710938 19.13873291015625 20.070774078369140625 20.980375289916992188 21.883432388305664062 22.764600753784179688 23.639385223388671875 24.490686416625976562 25.335138320922851562 26.133871078491210938 26.919269561767578125 27.665143966674804688 28.3994903564453125 29.092943191528320312 29.774469375610351562 30.32215118408203125 30.8307952880859375 31.307889938354492188 31.775783538818359375 32.2924041748046875 32.823238372802734375 33.4303741455078125 34.05976104736328125 34.664947509765625 35.263072967529296875 35.7620391845703125 36.23207855224609375 36.654529571533203125 37.06310272216796875 37.45240020751953125 37.83608245849609375 38.2069549560546875 38.574092864990234375 38.92514801025390625 39.271514892578125 39.5989837646484375 39.9209442138671875
13.833733558654785156 14.763882637023925781 15.702877998352050781 16.635950088500976562 17.567296981811523438 18.491357803344726562 19.413295745849609375 20.311883926391601562 21.203662872314453125 22.078149795532226562 22.947591781616210938 23.7959136962890625 24.638074874877929688 25.440309524536132812 26.230899810791015625 26.984157562255859375 27.726526260375976562 28.434240341186523438 29.131845474243164062 29.731298446655273438 30.3021240234375 30.815969467163085938 31.313196182250976562 31.840404510498046875 32.3763580322265625 32.951114654541015625 33.537181854248046875 34.117992401123046875 34.697269439697265625 35.19809722900390625 35.67604827880859375 36.112415313720703125 36.536651611328125 36.9420318603515625 37.341915130615234375 37.72861480712890625 38.11147308349609375 38.4872894287109375 38.861057281494140625 39.213718414306640625 39.56021881103515625
13.195591926574707031 14.135034561157226562 15.079504013061523438 16.008831024169921875 16.933742523193359375 17.848674774169921875 18.760698318481445312 19.648202896118164062 20.52855682373046875 21.396589279174804688 22.261026382446289062 23.10697174072265625 23.947521209716796875 24.753238677978515625 25.548795700073242188 26.309129714965820312 27.059192657470703125 27.772943496704101562 28.476104736328125 29.130933761596679688 29.771665573120117188 30.333299636840820312 30.871862411499023438 31.413135528564453125 31.9552001953125 32.492679595947265625 33.028820037841796875 33.580242156982421875 34.1361236572265625 34.6373138427734375 35.12255096435546875 35.573169708251953125 36.013690948486328125 36.436313629150390625 36.85372161865234375 37.25556182861328125 37.652866363525390625 38.053653717041015625 38.4554595947265625 38.8344268798828125 39.206729888916015625
12.610650062561035156 13.555019378662109375 14.495897293090820312 15.416324615478515625 16.33078765869140625 17.23432159423828125 18.134668350219726562 19.010801315307617188 19.879871368408203125 20.738918304443359375 21.59503936767578125 22.43695068359375 23.274715423583984375 24.080728530883789062 24.877481460571289062 25.644565582275390625 26.402996063232421875 27.12561798095703125 27.837795257568359375 28.507127761840820312 29.16396331787109375 29.759630203247070312 30.337457656860351562 30.90123748779296875 31.460924148559570312 31.998983383178710938 32.53073883056640625 33.06403350830078125 33.5977783203125 34.0925140380859375 34.57587432861328125 35.031681060791015625 35.479450225830078125 35.915008544921875 36.347003936767578125 36.764556884765625 37.17789459228515625 37.596050262451171875 38.0156097412109375 38.419895172119140625 38.81972503662109375
12.036084175109863281 12.984528541564941406 13.920046806335449219 14.830568313598632812 15.733799934387207031 16.625492095947265625 17.513818740844726562 18.3785247802734375 19.236339569091796875 20.085905075073242188 20.933065414428710938 21.770618438720703125 22.60536956787109375 23.411058425903320312 24.208269119262695312 24.9820404052734375 25.748973846435546875 26.48101806640625 27.202884674072265625 27.878749847412109375 28.541196823120117188 29.168214797973632812 29.784898757934570312 30.372835159301757812 30.952386856079101562 31.4984130859375 32.03466033935546875 32.55202484130859375 33.06388092041015625 33.55083465576171875 34.030529022216796875 34.48975372314453125 34.9430084228515625 35.390659332275390625 35.83667755126953125 36.270050048828125 36.699733734130859375 37.1337738037109375 37.569080352783203125 37.998493194580078125 38.42618560791015625
11.481760025024414062 12.444061279296875 13.385499954223632812 14.287858009338378906 15.1788177490234375 16.0546875 16.926156997680664062 17.776903152465820312 18.62160491943359375 19.460050582885742188 20.296670913696289062 21.12805938720703125 21.957921981811523438 22.762922286987304688 23.560670852661132812 24.33667755126953125 25.106342315673828125 25.847932815551757812 26.58133697509765625 27.267557144165039062 27.940013885498046875 28.577573776245117188 29.204957962036132812 29.802595138549804688 30.3915557861328125 30.942506790161132812 31.482372283935546875 31.999654769897460938 32.51035308837890625 33.00017547607421875 33.48390960693359375 33.948486328125 34.40747833251953125 34.861797332763671875 35.314754486083984375 35.760150909423828125 36.203338623046875 36.651790618896484375 37.101776123046875 37.54724884033203125 37.99140167236328125
10.931383132934570312 11.909449577331542969 12.859007835388183594 13.753541946411132812 14.632028579711914062 15.491299629211425781 16.344964981079101562 17.1812591552734375 18.012487411499023438 18.839490890502929688 19.665264129638671875 20.490137100219726562 21.314744949340820312 22.118986129760742188 22.917287826538085938 23.694662094116210938 24.465930938720703125 25.21709442138671875 25.96239471435546875 26.659715652465820312 27.34304046630859375 27.987085342407226562 28.6196746826171875 29.224193572998046875 29.820528030395507812 30.375810623168945312 30.91912078857421875 31.43941497802734375 31.952997207641601562 32.44776153564453125 32.937042236328125 33.4073486328125 33.87212371826171875 34.332057952880859375 34.7905731201171875 35.247249603271484375 35.703388214111328125 36.165966033935546875 36.63042449951171875 37.090183258056640625 37.548572540283203125
10.450290679931640625 11.404473304748535156 12.334460258483886719 13.21736907958984375 14.086545944213867188 14.938103675842285156 15.784523963928222656 16.613002777099609375 17.436248779296875 18.254899978637695312 19.072210311889648438 19.890064239501953125 20.70807647705078125 21.511045455932617188 22.309627532958984375 23.090421676635742188 23.866029739379882812 24.622285842895507812 25.372898101806640625 26.081853866577148438 26.778657913208007812 27.430768966674804688 28.069841384887695312 28.67881011962890625 29.278995513916015625 29.832490921020507812 30.372369766235351562 30.889835357666015625 31.400762557983398438 31.894031524658203125 32.382152557373046875 32.853969573974609375 33.3210296630859375 33.7860107421875 34.2503814697265625 34.715602874755859375 35.181072235107421875 35.650348663330078125 36.12073516845703125 36.58709716796875 37.052288055419921875
9.9827108383178710938 10.905276298522949219 11.810292243957519531 12.680832862854003906 13.541317939758300781 14.386897087097167969 15.228129386901855469 16.05008697509765625 16.866424560546875 17.6773223876953125 18.486635208129882812 19.297374725341796875 20.108530044555664062 20.910125732421875 21.708934783935546875 22.493551254272460938 23.274028778076171875 24.034502029418945312 24.789144515991210938 25.509838104248046875 26.220632553100585938 26.881114959716796875 27.52692413330078125 28.139863967895507812 28.74321746826171875 29.293731689453125 29.82883453369140625 30.342332839965820312 30.849529266357421875 31.340044021606445312 31.825695037841796875 32.298198699951171875 32.766864776611328125 33.236785888671875 33.70706939697265625 34.180301666259765625 34.654392242431640625 35.128917694091796875 35.60356903076171875 36.075038909912109375 36.545581817626953125
9.5709943771362304688 10.457617759704589844 11.334139823913574219 12.186469078063964844 13.031742095947265625 13.867891311645507812 14.701379776000976562 15.514678955078125 16.32209014892578125 17.121807098388671875 17.919279098510742188 18.719329833984375 19.520130157470703125 20.319463729858398438 21.118368148803710938 21.908449172973632812 22.695957183837890625 23.463954925537109375 24.226263046264648438 24.957315444946289062 25.67925262451171875 26.347574234008789062 27.000257492065429688 27.615427017211914062 28.219655990600585938 28.76543426513671875 29.29416656494140625 29.801546096801757812 30.302700042724609375 30.789720535278320312 31.27262115478515625 31.74210357666015625 32.207672119140625 32.6756134033203125 33.1442413330078125 33.6201171875 34.098102569580078125 34.57396697998046875 35.049213409423828125 35.523693084716796875 35.99794769287109375
9.1701726913452148438 10.020010948181152344 10.867351531982421875 11.700329780578613281 12.529118537902832031 13.355165481567382812 14.180411338806152344 14.984635353088378906 15.782728195190429688 16.57059478759765625 17.35547637939453125 18.144140243530273438 18.933904647827148438 19.730802536010742188 20.52977752685546875 21.325643539428710938 22.120603561401367188 22.896768569946289062 23.667449951171875 24.408594131469726562 25.141119003295898438 25.817174911499023438 26.4767608642578125 27.09381866455078125 27.698474884033203125 28.239177703857421875 28.761226654052734375 29.2620697021484375 29.7567291259765625 30.2401123046875 30.720205307006835938 31.185945510864257812 31.64749908447265625 32.112110137939453125 32.577610015869140625 33.055080413818359375 33.536037445068359375 34.012481689453125 34.48760223388671875 34.964679718017578125 35.44232940673828125
