test_data/ctet_grid_top.asc
ncols        140
nrows        114
xllcorner    564915.000000000000
yllcorner    133341.000000000000
cellsize     50.000000000000
NODATA_value -0
[rows 57 to 75 of 114, columns 0 to 41 of 140]
203.1981048583984375 204.517913818359375 205.846038818359375 207.2149658203125 208.595794677734375 208.95867919921875 209.024688720703125 209.446746826171875 209.9726409912109375 210.6200408935546875 211.3028717041015625 212.6378021240234375 214.1629180908203125 215.825164794921875 217.5273895263671875 218.0278167724609375 218.1777191162109375 217.97186279296875 217.6622467041015625 216.5307159423828125 215.1594696044921875 213.5693817138671875 211.91546630859375 211.300201416015625 210.987884521484375 210.3014068603515625 209.50579833984375 208.7723541259765625 208.0570220947265625 207.1464080810546875 206.1788177490234375 206.1229248046875 206.332916259765625 205.8384246826171875 205.1384429931640625 205.2036285400390625 205.4919586181640625 206.4538421630859375 207.6121826171875 206.47589111328125 204.670379638671875 205.6651763916015625
202.9533843994140625 204.1423797607421875 205.3066253662109375 206.537353515625 207.7874908447265625 208.1877288818359375 208.340087890625 208.6502532958984375 209.006439208984375 209.4993438720703125 210.032135009765625 211.5874481201171875 213.4409637451171875 215.2779083251953125 217.1100311279296875 217.624114990234375 217.7537994384765625 217.4738311767578125 217.0743865966796875 216.067840576171875 214.8842315673828125 213.5631866455078125 212.2020721435546875 211.5196685791015625 211.03521728515625 210.30230712890625 209.4969329833984375 208.7579498291015625 208.038330078125 207.3627166748046875 206.699951171875 206.4834747314453125 206.39715576171875 205.8089141845703125 205.0742645263671875 204.7039794921875 204.439971923828125 204.9723968505859375 205.73712158203125 205.2307586669921875 204.353668212890625 205.5145721435546875
202.6834564208984375 203.71099853515625 204.6806182861328125 205.74224853515625 206.830718994140625 207.28289794921875 207.5494842529296875 207.735321044921875 207.8975982666015625 208.234527587890625 208.6223907470703125 210.4776153564453125 212.760833740234375 214.7713165283203125 216.7022552490234375 217.231353759765625 217.35162353515625 216.9772491455078125 216.4586334228515625 215.57061767578125 214.574859619140625 213.625091552734375 212.6887664794921875 211.8698577880859375 211.085205078125 210.2925262451171875 209.4975128173828125 208.7348480224609375 207.9816436767578125 207.6275482177734375 207.3898773193359375 206.9503173828125 206.451904296875 205.741790771484375 204.969940185546875 204.074462890625 203.1429443359375 203.0428314208984375 203.1851959228515625 203.5073394775390625 203.881927490234375 205.256561279296875
202.3919677734375 203.29327392578125 204.1249542236328125 204.9061431884765625 205.672607421875 206.152557373046875 206.5489501953125 206.6559600830078125 206.678558349609375 207.0267333984375 207.4698638916015625 209.355194091796875 211.6611480712890625 213.8437042236328125 215.99029541015625 216.6739349365234375 216.930877685546875 216.6204986572265625 216.1446685791015625 215.522186279296875 214.85693359375 214.01666259765625 213.1253509521484375 212.2911529541015625 211.4736175537109375 210.63507080078125 209.7903900146484375 208.838287353515625 207.8548431396484375 207.4362640380859375 207.1824188232421875 206.7555084228515625 206.27813720703125 205.57647705078125 204.8094024658203125 203.912841796875 202.9785003662109375 202.7079315185546875 202.6309356689453125 202.949066162109375 203.382415771484375 204.7363128662109375
202.096282958984375 202.878204345703125 203.5830230712890625 204.0620574951171875 204.4752349853515625 204.9782562255859375 205.507476806640625 205.544525146484375 205.4380340576171875 205.830078125 206.3675079345703125 208.2303009033203125 210.4796295166015625 212.8339996337890625 215.219024658203125 216.084381103515625 216.50653076171875 216.291015625 215.8895416259765625 215.561279296875 215.254364013671875 214.4725189208984375 213.5521697998046875 212.7263031005859375 211.9280242919921875 211.04632568359375 210.140289306640625 208.966400146484375 207.7143707275390625 207.156005859375 206.799957275390625 206.4316558837890625 206.0597991943359375 205.3920135498046875 204.6379241943359375 203.84246826171875 203.034942626953125 202.6840362548828125 202.46630859375 202.6180267333984375 202.8774871826171875 204.1649017333984375
201.637725830078125 202.280853271484375 202.8838043212890625 203.2909088134765625 203.6409149169921875 203.9869232177734375 204.331787109375 204.497894287109375 204.61187744140625 204.9571533203125 205.369903564453125 206.697357177734375 208.2916107177734375 210.147613525390625 212.0799407958984375 213.4275054931640625 214.6045074462890625 215.253143310546875 215.7476959228515625 215.66705322265625 215.4186553955078125 214.6804046630859375 213.7993011474609375 213.0095062255859375 212.246368408203125 211.276824951171875 210.247100830078125 209.0639190673828125 207.8359832763671875 207.1039276123046875 206.5164947509765625 206.2085418701171875 205.9821014404296875 205.38934326171875 204.6897430419921875 203.8466033935546875 202.96160888671875 202.566009521484375 202.313140869140625 202.5768280029296875 202.991180419921875 204.3360443115234375
201.1474151611328125 201.64794921875 202.1539154052734375 202.5340118408203125 202.8773956298828125 203.0312957763671875 203.129913330078125 203.463897705078125 203.8665313720703125 204.1473846435546875 204.3927001953125 205.0848541259765625 205.9073028564453125 207.13421630859375 208.4790802001953125 210.367431640625 212.4142913818359375 214.077117919921875 215.6279296875 215.78582763671875 215.5374908447265625 214.839935302734375 214.011383056640625 213.2630767822265625 212.5381927490234375 211.4720916748046875 210.306488037109375 209.1554718017578125 208.0087127685546875 207.096343994140625 206.2523651123046875 206.0050811767578125 205.9318389892578125 205.422119140625 204.7851104736328125 203.86529541015625 202.86297607421875 202.42962646484375 202.1622161865234375 202.5921783447265625 203.22552490234375 204.652008056640625
200.7085113525390625 201.16827392578125 201.6339569091796875 201.9737548828125 202.2768402099609375 202.4072723388671875 202.4873199462890625 202.721466064453125 203.0005340576171875 203.2362518310546875 203.4593048095703125 203.9474945068359375 204.51300048828125 205.438140869140625 206.468170166015625 208.36627197265625 210.517547607421875 212.6823883056640625 214.8511810302734375 215.420074462890625 215.5223541259765625 214.904510498046875 214.076629638671875 213.289764404296875 212.5148468017578125 211.5030517578125 210.4221649169921875 209.39678955078125 208.387603759765625 207.5572662353515625 206.779083251953125 206.455291748046875 206.2640380859375 205.6993408203125 205.025726318359375 204.115264892578125 203.1357421875 202.5874481201171875 202.164947509765625 202.6131744384765625 203.3153533935546875 204.7244720458984375
200.2796478271484375 200.7184600830078125 201.1549530029296875 201.4518585205078125 201.70806884765625 201.8479156494140625 201.953826904296875 202.035888671875 202.1110076904296875 202.3053436279296875 202.534454345703125 202.9028167724609375 203.3117828369140625 203.998992919921875 204.7673492431640625 206.571624755859375 208.67803955078125 211.2450103759765625 213.9462890625 214.9598236083984375 215.4810943603515625 214.9505462646484375 214.1132354736328125 213.272186279296875 212.4300537109375 211.5019683837890625 210.548797607421875 209.66729736328125 208.80670166015625 208.1095428466796875 207.4600372314453125 207.032989501953125 206.6708221435546875 206.0242156982421875 205.2946624755859375 204.4103546142578125 203.480926513671875 202.8026580810546875 202.1976470947265625 202.635284423828125 203.3769989013671875 204.74945068359375
199.9365997314453125 200.3435211181640625 200.729583740234375 200.96630859375 201.1595001220703125 201.3276214599609375 201.4884490966796875 201.5504608154296875 201.5836334228515625 201.6754913330078125 201.7844390869140625 202.03375244140625 202.323974609375 202.89306640625 203.543487548828125 205.2366180419921875 207.2338409423828125 209.8062896728515625 212.5464935302734375 213.94256591796875 214.94659423828125 214.7396240234375 214.179443359375 212.616424560546875 210.760955810546875 209.9936370849609375 209.5436859130859375 209.153411865234375 208.7805633544921875 208.14105224609375 207.42376708984375 206.797088623046875 206.1968231201171875 205.6935882568359375 205.2186431884765625 204.5318756103515625 203.7833099365234375 203.038665771484375 202.295166015625 202.5438690185546875 203.081939697265625 204.6670074462890625
199.61029052734375 199.983184814453125 200.314666748046875 200.48785400390625 200.6148529052734375 200.8149566650390625 201.0363616943359375 201.1040496826171875 201.1269073486328125 201.104339599609375 201.0685272216796875 201.1989288330078125 201.3778076171875 201.852142333984375 202.41265869140625 203.991241455078125 205.866729736328125 208.3673095703125 211.0501861572265625 212.816680908203125 214.3159027099609375 214.4785614013671875 214.25140380859375 211.836212158203125 208.7828521728515625 208.19134521484375 208.317840576171875 208.4865570068359375 208.6675872802734375 208.0709991455078125 207.2476348876953125 206.402496337890625 205.551025390625 205.2350921630859375 205.0753631591796875 204.6195220947265625 204.07733154296875 203.278717041015625 202.4053192138671875 202.4303131103515625 202.717315673828125 204.5636138916015625
199.229949951171875 199.5424957275390625 199.8016357421875 199.9683837890625 200.108184814453125 200.2817840576171875 200.4652252197265625 200.5152587890625 200.5263671875 200.6263580322265625 200.7522735595703125 200.8634033203125 200.9702301025390625 201.330169677734375 201.7639312744140625 203.0819244384765625 204.657806396484375 207.000762939453125 209.5674285888671875 211.7747802734375 213.877349853515625 214.24713134765625 214.111541748046875 212.47589111328125 210.402740478515625 209.826629638671875 209.6871337890625 209.296844482421875 208.83343505859375 207.989654541015625 207.0349578857421875 206.402069091796875 205.8630218505859375 205.18560791015625 204.46783447265625 204.272125244140625 204.228668212890625 203.242950439453125 201.982421875 202.183624267578125 202.8111572265625 204.7566070556640625
198.8390655517578125 199.0861358642578125 199.2694549560546875 199.44091796875 199.6089324951171875 199.7446136474609375 199.8708648681640625 199.898681640625 199.8977813720703125 200.1665496826171875 200.513946533203125 200.6252593994140625 200.667694091796875 200.909393310546875 201.2092132568359375 202.2381439208984375 203.479736328125 205.648345947265625 208.087310791015625 210.7492828369140625 213.4762725830078125 214.021484375 213.9303436279296875 213.392486572265625 212.7243499755859375 212.1323394775390625 211.5625457763671875 210.395233154296875 209.05364990234375 207.9061126708984375 206.815185546875 206.4785003662109375 206.3618011474609375 205.2158660888671875 203.7697601318359375 203.8398590087890625 204.3521728515625 203.1533966064453125 201.45556640625 201.910980224609375 202.994415283203125 205.0074005126953125
198.50482177734375 198.6958465576171875 198.843231201171875 199.027557373046875 199.22265625 199.3722076416015625 199.5084686279296875 199.549835205078125 199.563507080078125 199.80517578125 200.1133575439453125 200.2340240478515625 200.300018310546875 200.62677001953125 201.0295867919921875 201.8369903564453125 202.76239013671875 204.433135986328125 206.321258544921875 209.09185791015625 212.1198577880859375 213.13555908203125 213.564361572265625 212.9351806640625 211.9974212646484375 211.6338653564453125 211.4377899169921875 210.3652191162109375 209.0370330810546875 208.12493896484375 207.334197998046875 206.971435546875 206.7335205078125 205.9682159423828125 205.049102783203125 204.7980194091796875 204.74176025390625 203.755126953125 202.4971160888671875 202.81640625 203.595703125 205.4168701171875
198.181640625 198.3184356689453125 198.4376678466796875 198.6364288330078125 198.8584136962890625 199.0319366455078125 199.1913299560546875 199.2531890869140625 199.28662109375 199.4630279541015625 199.681121826171875 199.812957763671875 199.9196319580078125 200.37109375 200.9231109619140625 201.52215576171875 202.1349029541015625 203.24468994140625 204.4994354248046875 207.31121826171875 210.5771026611328125 212.1208648681640625 213.1623382568359375 212.2099151611328125 210.6759490966796875 210.5885009765625 210.9229278564453125 210.115142822265625 208.974212646484375 208.4027099609375 207.9972991943359375 207.5456085205078125 207.0804443359375 206.86138916015625 206.714111328125 206.0273590087890625 205.183258056640625 204.491668701171875 203.844573974609375 203.951568603515625 204.27850341796875 205.8572845458984375
197.819183349609375 197.9935302734375 198.1848297119140625 198.34539794921875 198.4969940185546875 198.6585540771484375 198.823028564453125 198.9295654296875 199.01922607421875 199.2346954345703125 199.48687744140625 199.751129150390625 200.0189208984375 200.41473388671875 200.847900390625 201.359100341796875 201.8930511474609375 202.859832763671875 203.9528350830078125 206.3824005126953125 209.2017669677734375 211.0401153564453125 212.5923309326171875 211.80523681640625 210.33587646484375 210.329345703125 210.7494659423828125 210.1281890869140625 209.20318603515625 208.5844879150390625 208.0551300048828125 207.2995452880859375 206.47796630859375 206.6484222412109375 207.10821533203125 206.0683441162109375 204.591094970703125 203.887237548828125 203.408935546875 203.9269561767578125 204.73553466796875 206.4038238525390625
197.449066162109375 197.6788482666015625 197.9617767333984375 198.0738677978515625 198.136138916015625 198.2787322998046875 198.4447479248046875 198.600677490234375 198.753662109375 199.0285797119140625 199.3390350341796875 199.759368896484375 200.2117462158203125 200.5167694091796875 200.7787933349609375 201.22564697265625 201.726409912109375 202.631683349609375 203.654937744140625 205.619720458984375 207.8590850830078125 209.9464874267578125 211.9895477294921875 211.46307373046875 210.18719482421875 210.2235260009765625 210.642578125 210.1925506591796875 209.48907470703125 208.7475433349609375 207.9949188232421875 206.89349365234375 205.690338134765625 206.2197265625 207.2544403076171875 205.8775634765625 203.797332763671875 203.021270751953125 202.6255645751953125 203.6761474609375 205.1485595703125 206.9710845947265625
197.42626953125 197.657562255859375 197.921875 197.9954833984375 198.0134735107421875 198.1593170166015625 198.3424224853515625 198.5583648681640625 198.78387451171875 199.0680084228515625 199.3692474365234375 199.8017730712890625 200.2725830078125 200.6451873779296875 200.9891510009765625 201.4607391357421875 201.9695587158203125 202.9577484130859375 204.08575439453125 205.9662628173828125 208.066253662109375 209.6318817138671875 211.0416717529296875 210.8772125244140625 210.2536163330078125 210.2212677001953125 210.3613433837890625 210.03106689453125 209.563629150390625 208.9285888671875 208.2446746826171875 207.29974365234375 206.2786712646484375 206.2013397216796875 206.3992462158203125 205.1205902099609375 203.4112701416015625 203.0107421875 202.991943359375 204.092437744140625 205.519378662109375 207.1939697265625
197.4712066650390625 197.6934967041015625 197.91766357421875 197.9547576904296875 197.9372711181640625 198.0906829833984375 198.2939300537109375 198.5719451904296875 198.87176513671875 199.15533447265625 199.434173583984375 199.850830078125 200.30767822265625 200.778778076171875 201.2540130615234375 201.7677154541015625 202.2926177978515625 203.3918914794921875 204.6586761474609375 206.529144287109375 208.5756988525390625 209.4692230224609375 210.0264892578125 210.2438201904296875 210.36199951171875 210.23919677734375 210.046112060546875 209.8255462646484375 209.5969696044921875 209.1131439208984375 208.5548858642578125 207.8643951416015625 207.1353607177734375 206.2629547119140625 205.3487548828125 204.2531890869140625 203.1047210693359375 203.1670684814453125 203.582550048828125 204.638824462890625 205.8819732666015625 207.349700927734375
