test_data/ctet_grid_botm.asc
ncols        140
nrows        114
xllcorner    564915.000000000000
yllcorner    133341.000000000000
cellsize     50.000000000000
NODATA_value -0
[rows 36 to 53 of 114, columns 82 to 122 of 140]
82.54451751708984375 83.0964508056640625 83.60125732421875 84.01367950439453125 84.399169921875 84.757049560546875 85.10687255859375 85.4705047607421875 85.838165283203125 86.15503692626953125 86.45709991455078125 86.741973876953125 87.02184295654296875 87.302764892578125 87.5839996337890625 87.855926513671875 88.1251373291015625 88.38253021240234375 88.63648223876953125 88.89260101318359375 89.14936065673828125 89.4409637451171875 89.74273681640625 90.04638671875 90.35057830810546875 90.6487579345703125 90.9451751708984375 91.32306671142578125 91.72472381591796875 92.169952392578125 92.62789154052734375 93.0947418212890625 93.56420135498046875 94.06848907470703125 94.58293914794921875 95.11971282958984375 95.662994384765625 96.2007904052734375 96.7369842529296875 97.3030853271484375 97.87790679931640625
81.406280517578125 82.0234375 82.603179931640625 83.06772613525390625 83.49868011474609375 83.880706787109375 84.24846649169921875 84.6054229736328125 84.95923614501953125 85.271728515625 85.572174072265625 85.86118316650390625 86.1468658447265625 86.43784332275390625 86.7303619384765625 87.0177154541015625 87.30356597900390625 87.58217620849609375 87.85868072509765625 88.122589111328125 88.38282012939453125 88.6742401123046875 88.974761962890625 89.28110504150390625 89.589141845703125 89.88545989990234375 90.1783599853515625 90.5521240234375 90.9494781494140625 91.3912200927734375 91.8459014892578125 92.32232666015625 92.8050994873046875 93.3107757568359375 93.82312774658203125 94.35357666015625 94.88930511474609375 95.4331817626953125 95.97942352294921875 96.595703125 97.2324066162109375
80.3795013427734375 81.03337860107421875 81.65283966064453125 82.1565399169921875 82.62648773193359375 83.03330230712890625 83.42171478271484375 83.786102294921875 84.14348602294921875 84.46518707275390625 84.77648162841796875 85.0735321044921875 85.366424560546875 85.663482666015625 85.96175384521484375 86.24901580810546875 86.5330657958984375 86.814697265625 87.09561920166015625 87.366363525390625 87.63413238525390625 87.92188262939453125 88.2154541015625 88.5158538818359375 88.81824493408203125 89.111175537109375 89.4013519287109375 89.7726593017578125 90.16762542724609375 90.60810089111328125 91.0618438720703125 91.53958892822265625 92.0243377685546875 92.52167510986328125 93.02268218994140625 93.53852081298828125 94.058685302734375 94.594207763671875 95.13421630859375 95.783172607421875 96.46390533447265625
79.3744659423828125 80.05950927734375 80.71181488037109375 81.25213623046875 81.75980377197265625 82.19155120849609375 82.6011505126953125 82.97571563720703125 83.340057373046875 83.673614501953125 83.9981842041015625 84.30403900146484375 84.60442352294921875 84.90679168701171875 85.2097320556640625 85.49387359619140625 85.77252960205078125 86.053619384765625 86.3354339599609375 86.612823486328125 86.8889312744140625 87.17232513427734375 87.4578399658203125 87.7506103515625 88.045501708984375 88.334747314453125 88.622344970703125 88.99152374267578125 89.384490966796875 89.824127197265625 90.27738189697265625 90.7548370361328125 91.239349365234375 91.72644805908203125 92.2143096923828125 92.71392059326171875 93.2169647216796875 93.74132537841796875 94.27191162109375 94.95013427734375 95.67140960693359375
78.4749298095703125 79.1778106689453125 79.85155487060546875 80.4058837890625 80.92537689208984375 81.37322998046875 81.80017852783203125 82.18743896484375 82.56311798095703125 82.90802001953125 83.24394989013671875 83.55858612060546875 83.86701202392578125 84.17377471923828125 84.4800567626953125 84.76679229736328125 85.0478363037109375 85.32790374755859375 85.607696533203125 85.88762664794921875 86.16759490966796875 86.45001220703125 86.7331390380859375 87.018280029296875 87.30401611328125 87.5867156982421875 87.8685302734375 88.23459625244140625 88.6252288818359375 89.06375885009765625 89.516265869140625 89.99372100830078125 90.47844696044921875 90.96160888671875 91.44431304931640625 91.92459869384765625 92.4041748046875 92.90625762939453125 93.4149017333984375 94.1143798828125 94.8695220947265625
77.595977783203125 78.31409454345703125 79.007049560546875 79.5709686279296875 80.0972442626953125 80.559478759765625 81.00302886962890625 81.403472900390625 81.79134368896484375 82.14749908447265625 82.49440765380859375 82.8178253173828125 83.1343841552734375 83.44537353515625 83.75473785400390625 84.04518890380859375 84.33013153076171875 84.6090850830078125 84.88629913330078125 85.16796112060546875 85.45092010498046875 85.7330169677734375 86.01485443115234375 86.2923736572265625 86.56862640380859375 86.8442230224609375 87.11962890625 87.48238372802734375 87.8706207275390625 88.3079986572265625 88.75970458984375 89.237213134765625 89.7222442626953125 90.20269775390625 90.68180084228515625 91.14215087890625 91.5970306396484375 92.0746612548828125 92.55892181396484375 93.27809906005859375 94.0657958984375
76.89118194580078125 77.601226806640625 78.28623199462890625 78.8422698974609375 79.36069488525390625 79.82170867919921875 80.2659759521484375 80.66976165771484375 81.06172943115234375 81.4248809814453125 81.779632568359375 82.11193084716796875 82.43767547607421875 82.7504119873046875 83.05936431884765625 83.35201263427734375 83.6399078369140625 83.92156219482421875 84.2014007568359375 84.48432159423828125 84.76815032958984375 85.05075836181640625 85.3330078125 85.6085205078125 85.8820648193359375 86.15299224853515625 86.42314910888671875 86.78325653076171875 87.16959381103515625 87.60407257080078125 88.05258941650390625 88.52878570556640625 89.0130615234375 89.492767333984375 89.97113800048828125 90.42874908447265625 90.88030242919921875 91.33484649658203125 91.79026031494140625 92.50362396240234375 93.2922210693359375
76.22034454345703125 76.91777801513671875 77.58953857421875 78.13428497314453125 78.641998291015625 79.0987548828125 79.5406494140625 79.9458465576171875 80.34033966064453125 80.70966339111328125 81.0716400146484375 81.41283416748046875 81.74796295166015625 82.06197357177734375 82.36983489990234375 82.66437530517578125 82.95503997802734375 83.240142822265625 83.52362060546875 83.80771636962890625 84.09198760986328125 84.375274658203125 84.65827178955078125 84.9328765869140625 85.2050323486328125 85.47174835205078125 85.7368927001953125 86.09447479248046875 86.4790191650390625 86.91025543212890625 87.35511016845703125 87.829742431640625 88.31304931640625 88.79239654541015625 89.2705841064453125 89.7288055419921875 90.1811981201171875 90.6129302978515625 91.03862762451171875 91.74120330810546875 92.52452850341796875
75.7909698486328125 76.45137786865234375 77.08840179443359375 77.5973663330078125 78.06897735595703125 78.50363922119140625 78.92751312255859375 79.3241119384765625 79.71274566650390625 80.0767364501953125 80.4335479736328125 80.77260589599609375 81.1064910888671875 81.417266845703125 81.7212982177734375 82.01971435546875 82.31649017333984375 82.60634613037109375 82.8941802978515625 83.18161773681640625 83.46892547607421875 83.76171112060546875 84.05609130859375 84.34305572509765625 84.62786102294921875 84.90493011474609375 85.17974853515625 85.5439300537109375 85.934173583984375 86.36328887939453125 86.80373382568359375 87.27075958251953125 87.74553680419921875 88.22385406494140625 88.703216552734375 89.17911529541015625 89.65399932861328125 90.104736328125 90.54843902587890625 91.2126007080078125 91.9410552978515625
75.40868377685546875 76.02730560302734375 76.62540435791015625 77.09380340576171875 77.52437591552734375 77.9334564208984375 78.33626556396484375 78.7223052978515625 79.10344696044921875 79.459869384765625 79.80908203125 80.14385986328125 80.47443389892578125 80.78108978271484375 81.0807647705078125 81.38343048095703125 81.68697357177734375 81.981842041015625 82.27417755126953125 82.56536865234375 82.85622406005859375 83.16022491455078125 83.4680633544921875 83.76998138427734375 84.0701751708984375 84.3604278564453125 84.6477813720703125 85.0203399658203125 85.41774749755859375 85.8449554443359375 86.280853271484375 86.73909759521484375 87.20384979248046875 87.6810302734375 88.1618194580078125 88.658721923828125 89.1603240966796875 89.63823699951171875 90.1092376708984375 90.7295989990234375 91.39351654052734375
75.09751129150390625 75.6566314697265625 76.195404052734375 76.62430572509765625 77.02117156982421875 77.398681640625 77.77054595947265625 78.1377410888671875 78.50356292724609375 78.85402679443359375 79.20001220703125 79.536865234375 79.871063232421875 80.180755615234375 80.483306884765625 80.7903900146484375 81.0988006591796875 81.39675140380859375 81.69165802001953125 81.9835052490234375 82.27446746826171875 82.5804443359375 82.89080810546875 83.201507568359375 83.51230621337890625 83.81525421142578125 84.11591339111328125 84.4859466552734375 84.87621307373046875 85.29345703125 85.71857452392578125 86.1647186279296875 86.6169891357421875 87.08072662353515625 87.54781341552734375 88.05733489990234375 88.5792388916015625 89.09130859375 89.60050201416015625 90.208404541015625 90.84508514404296875
74.80020904541015625 75.2963714599609375 75.7718353271484375 76.16146087646484375 76.5260467529296875 76.870819091796875 77.209808349609375 77.5565338134765625 77.905517578125 78.250335693359375 78.59394073486328125 78.934112548828125 79.27329254150390625 79.5874176025390625 79.89424896240234375 80.205780029296875 80.5186920166015625 80.8193511962890625 81.11644744873046875 81.40834808349609375 81.6987457275390625 82.0048980712890625 82.3156585693359375 82.63393402099609375 82.95440673828125 83.26995086669921875 83.5840606689453125 83.94944000244140625 84.32977294921875 84.73549652099609375 85.14861297607421875 85.58200836181640625 86.02130889892578125 86.4692230224609375 86.91963958740234375 87.440155029296875 87.98110198974609375 88.52869415283203125 89.07820892333984375 89.67975616455078125 90.29648590087890625
74.545684814453125 74.97792816162109375 75.37944793701171875 75.71727752685546875 76.036529541015625 76.35057830810546875 76.663116455078125 76.98764801025390625 77.315673828125 77.6536865234375 77.99462127685546875 78.3355712890625 78.676513671875 79.00318145751953125 79.32569122314453125 79.65007781982421875 79.975006103515625 80.284698486328125 80.5899505615234375 80.88162994384765625 81.1693572998046875 81.46799468994140625 81.76981353759765625 82.086456298828125 82.4074249267578125 82.72878265380859375 83.05023956298828125 83.4080352783203125 83.77642822265625 84.16583251953125 84.561370849609375 84.97235870361328125 85.38785552978515625 85.8256683349609375 86.269989013671875 86.7744903564453125 87.2965545654296875 87.8651580810546875 88.44733428955078125 89.05025482177734375 89.65921783447265625
74.29950714111328125 74.66764068603515625 74.993133544921875 75.27672576904296875 75.54810333251953125 75.8318328857421875 76.119171142578125 76.42116546630859375 76.72742462158203125 77.05841827392578125 77.39662933349609375 77.7378387451171875 78.07993316650390625 78.42071533203125 78.7611236572265625 79.100006103515625 79.4384307861328125 79.75838470458984375 80.0729522705078125 80.3643646240234375 80.649017333984375 80.938629150390625 81.22968292236328125 81.54290008544921875 81.86258697509765625 82.18841552734375 82.51604461669921875 82.8656768798828125 83.2217254638671875 83.59389495849609375 83.97076416015625 84.3574676513671875 84.74703216552734375 85.17586517333984375 85.61614990234375 86.0993804931640625 86.5951385498046875 87.18193817138671875 87.7952880859375 88.4010772705078125 89.00466156005859375
73.7696990966796875 74.11626434326171875 74.420806884765625 74.6873931884765625 74.9429168701171875 75.217620849609375 75.4979248046875 75.794921875 76.09679412841796875 76.4354400634765625 76.78481292724609375 77.13873291015625 77.49398040771484375 77.84679412841796875 78.19889068603515625 78.55063629150390625 78.90227508544921875 79.2376251220703125 79.5682220458984375 79.8753662109375 80.1756591796875 80.45632171630859375 80.7312469482421875 81.02942657470703125 81.33437347412109375 81.654632568359375 81.9793548583984375 82.31215667724609375 82.64731597900390625 82.99742889404296875 83.351898193359375 83.71268463134765625 84.0753021240234375 84.51141357421875 84.96895599365234375 85.44911956787109375 85.93587493896484375 86.4838714599609375 87.04972076416015625 87.62134552001953125 88.19464874267578125
73.18457794189453125 73.51787567138671875 73.81219482421875 74.06903839111328125 74.31496429443359375 74.5847930908203125 74.861602783203125 75.15703582763671875 75.45789337158203125 75.8070526123046875 76.17029571533203125 76.53936004638671875 76.9101104736328125 77.2745361328125 77.637115478515625 78.00140380859375 78.36618804931640625 78.7179412841796875 79.065887451171875 79.391876220703125 79.7114715576171875 79.98319244384765625 80.2409515380859375 80.52181243896484375 80.80941009521484375 81.12213897705078125 81.4421844482421875 81.75646209716796875 82.069061279296875 82.39617156982421875 82.7275238037109375 83.06207275390625 83.39754486083984375 83.84410858154296875 84.32306671142578125 84.80370330810546875 85.28482818603515625 85.78290557861328125 86.28592681884765625 86.81615447998046875 87.35431671142578125
72.51439666748046875 72.84339141845703125 73.1365966796875 73.3965301513671875 73.64676666259765625 73.922271728515625 74.2051544189453125 74.50501251220703125 74.8098297119140625 75.16713714599609375 75.5397491455078125 75.9258270263671875 76.315826416015625 76.6973724365234375 77.07645416259765625 77.4519195556640625 77.82633209228515625 78.18968963623046875 78.5498199462890625 78.891571044921875 79.22796630859375 79.51277923583984375 79.78255462646484375 80.05803680419921875 80.335174560546875 80.63753509521484375 80.94724273681640625 81.245269775390625 81.53989410400390625 81.8546905517578125 82.17537689208984375 82.4972381591796875 82.81945037841796875 83.2032318115234375 83.6049652099609375 84.06353759765625 84.53868865966796875 85.02117919921875 85.5058135986328125 85.99419403076171875 86.483673095703125
71.82761383056640625 72.1540679931640625 72.44793701171875 72.71346282958984375 72.9707183837890625 73.25395965576171875 73.54477691650390625 73.85024261474609375 74.15997314453125 74.52497100830078125 74.9060821533203125 75.30953216552734375 75.719512939453125 76.11925506591796875 76.516021728515625 76.90239715576171875 77.285736083984375 77.65976715087890625 78.03107452392578125 78.3879852294921875 78.740692138671875 79.04290008544921875 79.33038330078125 79.60280609130859375 79.8708343505859375 80.16226959228515625 80.46053314208984375 80.74275970458984375 81.0203094482421875 81.32486724853515625 81.63730621337890625 81.9491424560546875 82.26079559326171875 82.56751251220703125 82.87277984619140625 83.30489349365234375 83.7740020751953125 84.2476043701171875 84.7225189208984375 85.168975830078125 85.60712432861328125
