test_data/ctet_grid_top.asc
ncols        140
nrows        114
xllcorner    564915.000000000000
yllcorner    133341.000000000000
cellsize     50.000000000000
NODATA_value -0
[rows 76 to 94 of 114, columns 84 to 125 of 140]
224.7395477294921875 225.2125091552734375 225.6579742431640625 226.1195831298828125 226.585906982421875 226.9509735107421875 227.2864990234375 227.7351837158203125 228.2168731689453125 228.444122314453125 228.59716796875 228.700042724609375 228.788299560546875 228.5655975341796875 228.2522125244140625 228.444488525390625 228.78424072265625 229.32177734375 229.9170074462890625 230.304168701171875 230.630645751953125 230.78369140625 230.8861541748046875 231.0016326904296875 231.1209259033203125 231.403533935546875 231.7337799072265625 231.656829833984375 231.4611358642578125 231.3671875 231.30291748046875 231.333984375 231.392852783203125 231.568115234375 231.77734375 231.8404541015625 231.8609466552734375 231.868255615234375 231.8717041015625 231.6645965576171875 231.396087646484375 231.0074462890625
224.814544677734375 225.3393707275390625 225.828948974609375 225.9948272705078125 226.0662994384765625 226.4389495849609375 226.8994293212890625 227.4232177734375 227.9654541015625 228.3104248046875 228.597869873046875 228.8570709228515625 229.1080322265625 228.631622314453125 227.94305419921875 227.6429443359375 227.456146240234375 228.3175048828125 229.48455810546875 230.1649322509765625 230.703369140625 230.8236541748046875 230.82196044921875 231.0619049072265625 231.372314453125 231.474578857421875 231.516143798828125 231.470062255859375 231.3984222412109375 231.2571868896484375 231.09564208984375 231.04931640625 231.036590576171875 231.2021484375 231.419708251953125 231.533905029296875 231.6179351806640625 231.6083831787109375 231.5715179443359375 231.01220703125 230.3005218505859375 229.9660491943359375
224.06451416015625 224.599456787109375 225.1304779052734375 225.5343780517578125 225.9011993408203125 226.373321533203125 226.87615966796875 227.33673095703125 227.7849578857421875 228.03179931640625 228.2199249267578125 227.8166046142578125 227.2407989501953125 227.0428466796875 226.9550933837890625 227.073760986328125 227.25262451171875 228.6386871337890625 230.3768310546875 230.6538543701171875 230.504730224609375 230.5606231689453125 230.67633056640625 230.970916748046875 231.31768798828125 231.158935546875 230.8527374267578125 230.9061279296875 231.0643768310546875 230.9372406005859375 230.7268829345703125 230.70855712890625 230.7462158203125 230.938812255859375 231.1765899658203125 231.26080322265625 231.30023193359375 231.1087188720703125 230.8498382568359375 230.2194061279296875 229.4806060791015625 229.274505615234375
223.153594970703125 223.6904754638671875 224.262451171875 225.008453369140625 225.8052215576171875 226.3947601318359375 226.923858642578125 227.294219970703125 227.6182708740234375 227.72491455078125 227.76812744140625 226.5426025390625 224.9470367431640625 225.13134765625 225.8347625732421875 226.549896240234375 227.2684326171875 229.2183837890625 231.5274810791015625 231.2652740478515625 230.253143310546875 230.2385101318359375 230.514801025390625 230.850433349609375 231.2033843994140625 230.7678680419921875 230.1024017333984375 230.26861572265625 230.677398681640625 230.57635498046875 230.326629638671875 230.3568572998046875 230.468719482421875 230.69549560546875 230.955780029296875 230.9942169189453125 230.96795654296875 230.562286376953125 230.0459442138671875 229.3992156982421875 228.7144622802734375 228.6511993408203125
221.048492431640625 221.6544036865234375 222.317108154296875 223.149505615234375 224.031402587890625 224.8549957275390625 225.6615753173828125 226.2858428955078125 226.8569488525390625 226.5804443359375 226.056732177734375 225.3757171630859375 224.648834228515625 225.3515625 226.471221923828125 226.9398651123046875 227.2186126708984375 228.5241546630859375 230.1291656494140625 230.067138671875 229.5189056396484375 229.50213623046875 229.6403656005859375 229.92437744140625 230.2509002685546875 230.04827880859375 229.6913299560546875 229.713287353515625 229.8457489013671875 229.651123046875 229.3610992431640625 229.3514556884765625 229.4235992431640625 229.5783843994140625 229.7572784423828125 229.6480560302734375 229.454803466796875 229.2208251953125 228.9749755859375 228.5972442626953125 228.181060791015625 228.13720703125
218.710479736328125 219.3985137939453125 220.161651611328125 221.03057861328125 221.93035888671875 223.0107421875 224.1438140869140625 225.089111328125 225.979644775390625 225.2726287841796875 224.0996551513671875 224.2297210693359375 224.739837646484375 225.987518310546875 227.4503326416015625 227.508056640625 227.155975341796875 227.5814666748046875 228.233734130859375 228.516082763671875 228.6905364990234375 228.684967041015625 228.62689208984375 228.8412017822265625 229.1349639892578125 229.264617919921875 229.346405029296875 229.173980712890625 228.927398681640625 228.6158294677734375 228.285308837890625 228.21856689453125 228.2287750244140625 228.290863037109375 228.3680877685546875 228.0913238525390625 227.7113189697265625 227.72430419921875 227.8519134521484375 227.798828125 227.6930694580078125 227.644561767578125
218.8438568115234375 219.2687225341796875 219.75592041015625 220.2324066162109375 220.705780029296875 221.2945098876953125 221.9168853759765625 222.9251708984375 224.0460052490234375 223.8991546630859375 223.382568359375 223.6202239990234375 224.077850341796875 224.898284912109375 225.8245391845703125 226.1573944091796875 226.317169189453125 226.5405120849609375 226.782379150390625 226.9151611328125 227.01611328125 226.9740753173828125 226.8903350830078125 227.4983978271484375 228.3082122802734375 228.554656982421875 228.636810302734375 228.3477020263671875 227.9503173828125 227.69891357421875 227.4900970458984375 227.573272705078125 227.7415924072265625 227.8846893310546875 228.02044677734375 227.74139404296875 227.3413543701171875 227.4047698974609375 227.60333251953125 227.4112701416015625 227.1052703857421875 227.1617584228515625
219.459228515625 219.5535888671875 219.6914215087890625 219.6918182373046875 219.652130126953125 219.603240966796875 219.5516510009765625 220.572601318359375 221.9063568115234375 222.51287841796875 222.9073028564453125 223.1153411865234375 223.2690277099609375 223.47259521484375 223.6907196044921875 224.4324951171875 225.3269805908203125 225.480377197265625 225.4176483154296875 225.3045196533203125 225.17669677734375 225.088897705078125 225.0127716064453125 226.1049346923828125 227.5378570556640625 227.8590850830078125 227.8560791015625 227.4654541015625 226.9617767333984375 226.8050994873046875 226.7496185302734375 227.0230560302734375 227.3924102783203125 227.6504058837890625 227.8759307861328125 227.626800537109375 227.2392578125 227.31475830078125 227.52532958984375 227.1038360595703125 226.498016357421875 226.6808929443359375
219.6507720947265625 219.678558349609375 219.6917724609375 219.5958404541015625 219.46807861328125 219.32763671875 219.183502197265625 219.847747802734375 220.747772216796875 221.359222412109375 221.8865203857421875 222.0139617919921875 222.0247955322265625 222.1172332763671875 222.2334747314453125 222.787841796875 223.470001220703125 223.794769287109375 224.0153045654296875 224.0919647216796875 224.1266326904296875 224.162353515625 224.1983489990234375 224.9435272216796875 225.8955230712890625 226.208831787109375 226.335845947265625 225.969207763671875 225.4585723876953125 225.5988616943359375 225.928985595703125 226.062286376953125 226.13818359375 226.28460693359375 226.45159912109375 226.38153076171875 226.2423248291015625 226.541778564453125 226.96917724609375 226.961669921875 226.827301025390625 227.2330474853515625
219.759674072265625 219.7723388671875 219.70477294921875 219.586578369140625 219.4536285400390625 219.3281402587890625 219.2048187255859375 219.440338134765625 219.780517578125 220.250946044921875 220.7593536376953125 220.7962493896484375 220.695648193359375 220.7755889892578125 220.9081878662109375 221.1588592529296875 221.4439697265625 221.9871673583984375 222.60565185546875 222.9570465087890625 223.23052978515625 223.422760009765625 223.5912933349609375 223.827362060546875 224.0831146240234375 224.37237548828125 224.6714019775390625 224.3531951904296875 223.8549957275390625 224.331695556640625 225.0927276611328125 225.021453857421875 224.707427978515625 224.6981201171875 224.7776641845703125 224.9157257080078125 225.07086181640625 225.635589599609375 226.319793701171875 226.8517303466796875 227.3392486572265625 227.986663818359375
220.9194183349609375 220.9230499267578125 220.8747711181640625 220.7964630126953125 220.709381103515625 220.1404876708984375 219.4310760498046875 219.28692626953125 219.3076629638671875 219.8881988525390625 220.63201904296875 220.5002593994140625 220.113128662109375 220.14404296875 220.2968597412109375 220.581634521484375 220.9048919677734375 221.4981842041015625 222.17022705078125 222.5327911376953125 222.8050689697265625 222.9318389892578125 223.01617431640625 223.0430908203125 223.0532684326171875 222.9547576904296875 222.8245391845703125 222.8441619873046875 222.9074859619140625 223.6665496826171875 224.6285400390625 224.75897216796875 224.646881103515625 224.8241424560546875 225.0858154296875 225.308868408203125 225.5206756591796875 225.87518310546875 226.27130126953125 226.557647705078125 226.811981201171875 227.543914794921875
222.28411865234375 222.279876708984375 222.2704010009765625 222.2440948486328125 222.2128753662109375 221.1111907958984375 219.6972808837890625 219.1830596923828125 218.9312286376953125 219.670867919921875 220.699676513671875 220.3840179443359375 219.676239013671875 219.6509857177734375 219.8247833251953125 220.20953369140625 220.655792236328125 221.266357421875 221.9248199462890625 222.24713134765625 222.471405029296875 222.4894256591796875 222.4472808837890625 222.3235626220703125 222.176055908203125 221.6188201904296875 220.9420928955078125 221.3559722900390625 222.0879364013671875 223.11883544921875 224.2369232177734375 224.6483001708984375 224.8535614013671875 225.2841796875 225.780517578125 226.0645599365234375 226.2866668701171875 226.338226318359375 226.34002685546875 226.2276763916015625 226.0820159912109375 226.86785888671875
214.8197174072265625 215.196624755859375 216.3501129150390625 216.9172515869140625 217.313385009765625 218.3542633056640625 219.5831756591796875 219.5542755126953125 219.15850830078125 219.70391845703125 220.523834228515625 220.236419677734375 219.626068115234375 219.6093292236328125 219.7657318115234375 220.3305511474609375 221.014495849609375 221.5809173583984375 222.113067626953125 222.217041015625 222.19610595703125 222.0828704833984375 221.94268798828125 221.8240966796875 221.7118072509765625 221.4031829833984375 221.0373077392578125 221.70465087890625 222.67333984375 223.526641845703125 224.3462982177734375 224.732574462890625 224.992431640625 225.4699859619140625 226.011016845703125 226.0348968505859375 225.907928466796875 226.0139617919921875 226.1879425048828125 226.3843231201171875 226.5872344970703125 227.056427001953125
205.6334075927734375 206.4673004150390625 209.0030059814453125 210.269195556640625 211.165130615234375 214.8703460693359375 219.3949127197265625 220.0181427001953125 219.503509521484375 219.785797119140625 220.3004913330078125 220.0827178955078125 219.6513214111328125 219.6557159423828125 219.7872161865234375 220.5477447509765625 221.491729736328125 222.002044677734375 222.385894775390625 222.2367706298828125 221.9322052001953125 221.6833038330078125 221.4506378173828125 221.3675537109375 221.328094482421875 221.4060516357421875 221.5182342529296875 222.4115753173828125 223.5327301025390625 224.1208038330078125 224.5533905029296875 224.8548583984375 225.1180877685546875 225.6023101806640625 226.150970458984375 225.85205078125 225.305938720703125 225.536163330078125 225.9928131103515625 226.635894775390625 227.3333587646484375 227.4136199951171875
203.9272613525390625 204.53118896484375 206.7526702880859375 208.6262359619140625 210.3983154296875 214.42645263671875 219.112579345703125 219.8456878662109375 219.4258880615234375 219.8541412353515625 220.529754638671875 220.3607635498046875 219.9454498291015625 220.15423583984375 220.5450439453125 221.19476318359375 221.920013427734375 222.44805908203125 222.9185943603515625 222.7600250244140625 222.41796875 222.159759521484375 221.9259796142578125 221.982086181640625 222.12274169921875 222.4700927734375 222.877716064453125 223.66290283203125 224.5581817626953125 224.966094970703125 225.23187255859375 225.4484100341796875 225.650604248046875 225.8156890869140625 225.969940185546875 225.991912841796875 225.9752960205078125 226.4131011962890625 226.9834442138671875 227.4010772705078125 227.7741851806640625 227.94305419921875
203.6799774169921875 203.919952392578125 205.496368408203125 207.95941162109375 210.6810302734375 214.5754547119140625 218.8119049072265625 219.5491485595703125 219.2658233642578125 219.91986083984375 220.8472900390625 220.7230224609375 220.2920379638671875 220.740936279296875 221.4464569091796875 221.925628662109375 222.3387603759765625 222.8989410400390625 223.501983642578125 223.3814849853515625 223.049957275390625 222.8070526123046875 222.589996337890625 222.805511474609375 223.147186279296875 223.7410888671875 224.4085540771484375 225.0204010009765625 225.61602783203125 225.8603668212890625 226.0022735595703125 226.1338653564453125 226.2624664306640625 226.0448760986328125 225.7263031005859375 226.1947021484375 226.8926239013671875 227.55426025390625 228.205322265625 228.2664337158203125 228.155487060546875 228.5060882568359375
203.6547393798828125 203.91705322265625 205.4990386962890625 207.47998046875 209.5772705078125 214.83111572265625 221.0055694580078125 222.6688690185546875 223.016448974609375 222.396575927734375 221.4945526123046875 221.0646514892578125 220.7724609375 221.2351837158203125 221.9180908203125 222.3441162109375 222.6952056884765625 223.234344482421875 223.8283233642578125 223.736175537109375 223.44390869140625 223.2627716064453125 223.114044189453125 223.4306182861328125 223.8828887939453125 224.5561676025390625 225.2938995361328125 225.9102783203125 226.4912872314453125 226.498870849609375 226.3392181396484375 226.43109130859375 226.5963287353515625 226.2891998291015625 225.8443145751953125 226.4039459228515625 227.256561279296875 227.75616455078125 228.1528167724609375 228.2332305908203125 228.221435546875 228.6733245849609375
203.6728057861328125 204.032806396484375 205.74725341796875 207.0370941162109375 208.2031097412109375 215.107574462890625 223.685699462890625 226.454833984375 227.5297698974609375 225.343505859375 222.20611572265625 221.4022674560546875 221.27899169921875 221.7114105224609375 222.305908203125 222.7016754150390625 223.0395050048828125 223.5472412109375 224.1045379638671875 224.0388336181640625 223.79144287109375 223.681121826171875 223.6107940673828125 224.0170440673828125 224.5622711181640625 225.282318115234375 226.0533599853515625 226.708984375 227.3309478759765625 227.087493896484375 226.591644287109375 226.652618408203125 226.8759765625 226.5364990234375 226.0328369140625 226.6144561767578125 227.5125732421875 227.7748870849609375 227.8517608642578125 228.0247955322265625 228.22589111328125 228.7633514404296875
204.5447540283203125 204.7073211669921875 206.0379486083984375 207.5825042724609375 209.1894378662109375 216.6121826171875 225.7311248779296875 228.22509765625 228.7868804931640625 225.995452880859375 222.226043701171875 221.4031829833984375 221.4396820068359375 221.86993408203125 222.4149932861328125 222.849700927734375 223.252227783203125 223.773406982421875 224.3291778564453125 224.283538818359375 224.0625 223.9027862548828125 223.760955810546875 224.2321624755859375 224.8821563720703125 225.490203857421875 226.0860137939453125 226.7506256103515625 227.435302734375 227.2798309326171875 226.87933349609375 226.8332977294921875 226.890625 226.6908721923828125 226.4161376953125 226.820281982421875 227.422454833984375 227.5783233642578125 227.6040191650390625 227.44537353515625 227.2329559326171875 227.2454986572265625
